Edge	2	1001	984	0	0	0	6	-1
	Sequence	+edge_2_0_+disjointig_10_0_81207 81207 2 81208 0 81207
Edge	3	969	812	0	0	0	6	-1
	Sequence	-edge_2_0_+disjointig_10_0_81207 81207 -2 81208 0 81207
Edge	4	1379	1419	0	0	0	4	-1
	Sequence	+edge_3_0_+disjointig_100_0_19520 19520 3 19521 0 19520
Edge	5	1082	1051	0	0	0	4	-1
	Sequence	-edge_3_0_+disjointig_100_0_19520 19520 -3 19521 0 19520
Edge	6	637	567	0	0	0	3	-1
	Sequence	+edge_4_0_+disjointig_1000_0_17184 17184 4 17185 0 17184
Edge	7	588	492	0	0	0	3	-1
	Sequence	-edge_4_0_+disjointig_1000_0_17184 17184 -4 17185 0 17184
Edge	10	590	1033	0	0	0	6	-1
	Sequence	+edge_6_0_+disjointig_101_0_113397 113397 6 113398 0 113397
Edge	11	722	1395	0	0	0	6	-1
	Sequence	-edge_6_0_+disjointig_101_0_113397 113397 -6 113398 0 113397
Edge	12	1042	1408	0	0	0	4	-1
	Sequence	+edge_7_0_+disjointig_102_0_29307 29307 7 29308 0 29307
Edge	13	1387	1362	0	0	0	4	-1
	Sequence	-edge_7_0_+disjointig_102_0_29307 29307 -7 29308 0 29307
Edge	14	1364	1416	0	0	0	7	-1
	Sequence	+edge_8_0_+disjointig_103_0_73399 73399 8 73400 0 73399
Edge	15	523	1299	0	0	0	7	-1
	Sequence	-edge_8_0_+disjointig_103_0_73399 73399 -8 73400 0 73399
Edge	16	1327	1404	1	0	0	9	-1
	Sequence	+edge_9_0_+disjointig_104_0_96819 96819 9 96820 0 96819
Edge	17	838	1400	1	0	0	9	-1
	Sequence	-edge_9_0_+disjointig_104_0_96819 96819 -9 96820 0 96819
Edge	18	1249	1388	0	0	0	5	-1
	Sequence	+edge_10_0_+disjointig_105_0_42568 42568 10 42569 0 42568
Edge	19	473	1402	0	0	0	5	-1
	Sequence	-edge_10_0_+disjointig_105_0_42568 42568 -10 42569 0 42568
Edge	20	70	1263	1	0	0	8	-1
	Sequence	+edge_11_0_+disjointig_106_0_18708 18708 11 18709 0 18708
Edge	21	1301	609	1	0	0	8	-1
	Sequence	-edge_11_0_+disjointig_106_0_18708 18708 -11 18709 0 18708
Edge	22	1414	1286	0	0	0	6	-1
	Sequence	+edge_12_0_+disjointig_108_0_118956 118956 12 118957 0 118956
Edge	23	1390	1320	0	0	0	6	-1
	Sequence	-edge_12_0_+disjointig_108_0_118956 118956 -12 118957 0 118956
Edge	24	1412	1228	0	0	0	4	-1
	Sequence	+edge_13_0_+disjointig_109_0_71339 71339 13 71340 0 71339
Edge	25	256	1396	0	0	0	4	-1
	Sequence	-edge_13_0_+disjointig_109_0_71339 71339 -13 71340 0 71339
Edge	28	1267	1376	0	0	0	6	-1
	Sequence	+edge_15_0_+disjointig_110_0_50553 50553 15 50554 0 50553
Edge	29	1138	200	0	0	0	6	-1
	Sequence	-edge_15_0_+disjointig_110_0_50553 50553 -15 50554 0 50553
Edge	32	1411	880	0	0	0	7	-1
	Sequence	+edge_17_0_+disjointig_112_0_56952 56952 17 56953 0 56952
Edge	33	903	1330	0	0	0	7	-1
	Sequence	-edge_17_0_+disjointig_112_0_56952 56952 -17 56953 0 56952
Edge	34	1296	961	0	0	0	3	-1
	Sequence	+edge_18_0_+disjointig_113_0_20223 20223 18 20224 0 20223
Edge	35	990	1365	0	0	0	3	-1
	Sequence	-edge_18_0_+disjointig_113_0_20223 20223 -18 20224 0 20223
Edge	36	347	1410	0	0	0	7	-1
	Sequence	+edge_19_0_+disjointig_115_0_32869 32869 19 32870 0 32869
Edge	37	1421	1297	0	0	0	7	-1
	Sequence	-edge_19_0_+disjointig_115_0_32869 32869 -19 32870 0 32869
Edge	40	513	1331	0	0	0	6	-1
	Sequence	+edge_21_0_+disjointig_117_0_66911 66911 21 66912 0 66911
Edge	41	1107	1351	0	0	0	6	-1
	Sequence	-edge_21_0_+disjointig_117_0_66911 66911 -21 66912 0 66911
Edge	42	937	771	0	0	0	7	-1
	Sequence	+edge_22_0_+disjointig_118_0_62067 62067 22 62068 0 62067
Edge	43	1140	1323	0	0	0	7	-1
	Sequence	-edge_22_0_+disjointig_118_0_62067 62067 -22 62068 0 62067
Edge	44	1154	658	0	0	0	6	-1
	Sequence	+edge_23_0_+disjointig_119_0_22007 22007 23 22008 0 22007
Edge	45	1342	1302	0	0	0	6	-1
	Sequence	-edge_23_0_+disjointig_119_0_22007 22007 -23 22008 0 22007
Edge	46	188	1375	1	0	0	8	-1
	Sequence	+edge_24_0_+disjointig_12_0_126733 126733 24 126734 0 126733
Edge	47	1134	779	1	0	0	8	-1
	Sequence	-edge_24_0_+disjointig_12_0_126733 126733 -24 126734 0 126733
Edge	50	1109	756	0	0	0	6	-1
	Sequence	+edge_26_0_+disjointig_121_0_92774 92774 26 92775 0 92774
Edge	51	1137	1287	0	0	0	6	-1
	Sequence	-edge_26_0_+disjointig_121_0_92774 92774 -26 92775 0 92774
Edge	52	1085	1383	0	0	0	3	-1
	Sequence	+edge_27_0_+disjointig_122_0_10816 10816 27 10817 0 10816
Edge	53	1293	322	0	0	0	3	-1
	Sequence	-edge_27_0_+disjointig_122_0_10816 10816 -27 10817 0 10816
Edge	54	143	1095	0	0	0	4	-1
	Sequence	+edge_28_0_+disjointig_124_0_10484 10484 28 10485 0 10484
Edge	55	686	636	0	0	0	4	-1
	Sequence	-edge_28_0_+disjointig_124_0_10484 10484 -28 10485 0 10484
Edge	56	1360	1144	0	0	0	6	-1
	Sequence	+edge_29_0_+disjointig_125_0_24326 24326 29 24327 0 24326
Edge	57	572	495	0	0	0	6	-1
	Sequence	-edge_29_0_+disjointig_125_0_24326 24326 -29 24327 0 24326
Edge	60	1347	957	0	0	0	4	-1
	Sequence	+edge_31_0_+disjointig_129_0_26181 26181 31 26182 0 26181
Edge	61	1345	1210	0	0	0	4	-1
	Sequence	-edge_31_0_+disjointig_129_0_26181 26181 -31 26182 0 26181
Edge	62	1014	1334	0	0	0	6	-1
	Sequence	+edge_32_0_+disjointig_13_0_66787 66787 32 66788 0 66787
Edge	63	562	1066	0	0	0	6	-1
	Sequence	-edge_32_0_+disjointig_13_0_66787 66787 -32 66788 0 66787
Edge	64	297	1114	0	0	0	7	-1
	Sequence	+edge_33_0_+disjointig_130_0_10881 10881 33 10882 0 10881
Edge	65	606	1106	0	0	0	7	-1
	Sequence	-edge_33_0_+disjointig_130_0_10881 10881 -33 10882 0 10881
Edge	66	782	845	0	0	0	4	-1
	Sequence	+edge_34_0_+disjointig_131_0_19370 19370 34 19371 0 19370
Edge	67	832	211	0	0	0	4	-1
	Sequence	-edge_34_0_+disjointig_131_0_19370 19370 -34 19371 0 19370
Edge	74	933	481	1	0	0	8	-1
	Sequence	+edge_38_0_+disjointig_135_0_43646 43646 38 43647 0 43646
Edge	75	873	1406	1	0	0	8	-1
	Sequence	-edge_38_0_+disjointig_135_0_43646 43646 -38 43647 0 43646
Edge	76	1321	69	0	0	0	6	-1
	Sequence	+edge_39_0_+disjointig_136_0_110952 110952 39 110953 0 110952
Edge	77	939	762	0	0	0	6	-1
	Sequence	-edge_39_0_+disjointig_136_0_110952 110952 -39 110953 0 110952
Edge	78	612	1077	0	0	0	7	-1
	Sequence	+edge_40_0_+disjointig_137_0_66803 66803 40 66804 0 66803
Edge	79	512	659	0	0	0	7	-1
	Sequence	-edge_40_0_+disjointig_137_0_66803 66803 -40 66804 0 66803
Edge	80	1030	758	0	0	0	4	-1
	Sequence	+edge_41_0_+disjointig_138_0_33116 33116 41 33117 0 33116
Edge	81	1280	1405	0	0	0	4	-1
	Sequence	-edge_41_0_+disjointig_138_0_33116 33116 -41 33117 0 33116
Edge	82	1216	1317	0	0	0	6	-1
	Sequence	+edge_42_0_+disjointig_139_0_34755 34755 42 34756 0 34755
Edge	83	1254	184	0	0	0	6	-1
	Sequence	-edge_42_0_+disjointig_139_0_34755 34755 -42 34756 0 34755
Edge	84	1064	963	0	0	0	6	-1
	Sequence	+edge_43_0_+disjointig_14_0_87525 87525 43 87526 0 87525
Edge	85	1122	1313	0	0	0	6	-1
	Sequence	-edge_43_0_+disjointig_14_0_87525 87525 -43 87526 0 87525
Edge	88	1420	1226	0	0	0	5	-1
	Sequence	+edge_45_0_+disjointig_141_0_42704 42704 45 42705 0 42704
Edge	89	1227	947	0	0	0	5	-1
	Sequence	-edge_45_0_+disjointig_141_0_42704 42704 -45 42705 0 42704
Edge	90	628	932	0	0	0	3	-1
	Sequence	+edge_46_0_+disjointig_142_0_11009 11009 46 11010 0 11009
Edge	91	241	626	0	0	0	3	-1
	Sequence	-edge_46_0_+disjointig_142_0_11009 11009 -46 11010 0 11009
Edge	92	84	1239	0	0	0	5	-1
	Sequence	+edge_47_0_+disjointig_143_0_139286 139286 47 139287 0 139286
Edge	93	768	1303	0	0	0	5	-1
	Sequence	-edge_47_0_+disjointig_143_0_139286 139286 -47 139287 0 139286
Edge	98	1027	1291	0	0	0	6	-1
	Sequence	+edge_50_0_+disjointig_146_0_48076 48076 50 48077 0 48076
Edge	99	601	551	0	0	0	6	-1
	Sequence	-edge_50_0_+disjointig_146_0_48076 48076 -50 48077 0 48076
Edge	100	1205	330	0	0	0	6	-1
	Sequence	+edge_51_0_+disjointig_147_0_43019 43019 51 43020 0 43019
Edge	101	1225	945	0	0	0	6	-1
	Sequence	-edge_51_0_+disjointig_147_0_43019 43019 -51 43020 0 43019
Edge	104	671	953	0	0	0	4	-1
	Sequence	+edge_53_0_+disjointig_149_0_49846 49846 53 49847 0 49846
Edge	105	1268	220	0	0	0	4	-1
	Sequence	-edge_53_0_+disjointig_149_0_49846 49846 -53 49847 0 49846
Edge	106	281	673	0	0	0	6	-1
	Sequence	+edge_54_0_+disjointig_15_0_141514 141514 54 141515 0 141514
Edge	107	1094	238	0	0	0	6	-1
	Sequence	-edge_54_0_+disjointig_15_0_141514 141514 -54 141515 0 141514
Edge	110	1186	929	0	0	0	4	-1
	Sequence	+edge_56_0_+disjointig_151_0_28077 28077 56 28078 0 28077
Edge	111	1269	1266	0	0	0	4	-1
	Sequence	-edge_56_0_+disjointig_151_0_28077 28077 -56 28078 0 28077
Edge	116	1117	1169	0	0	0	7	-1
	Sequence	+edge_59_0_+disjointig_154_0_131426 131426 59 131427 0 131426
Edge	117	1260	1215	0	0	0	7	-1
	Sequence	-edge_59_0_+disjointig_154_0_131426 131426 -59 131427 0 131426
Edge	122	1256	1204	0	0	0	3	-1
	Sequence	+edge_62_0_+disjointig_158_0_10391 10391 62 10392 0 10391
Edge	123	169	763	0	0	0	3	-1
	Sequence	-edge_62_0_+disjointig_158_0_10391 10391 -62 10392 0 10391
Edge	128	862	960	0	0	0	4	-1
	Sequence	+edge_65_0_+disjointig_160_0_34167 34167 65 34168 0 34167
Edge	129	1415	618	0	0	0	4	-1
	Sequence	-edge_65_0_+disjointig_160_0_34167 34167 -65 34168 0 34167
Edge	132	1130	1245	0	0	0	5	-1
	Sequence	+edge_67_0_+disjointig_162_0_46535 46535 67 46536 0 46535
Edge	133	1373	1229	0	0	0	5	-1
	Sequence	-edge_67_0_+disjointig_162_0_46535 46535 -67 46536 0 46535
Edge	136	1141	1234	0	0	0	4	-1
	Sequence	+edge_69_0_+disjointig_164_0_45283 45283 69 45284 0 45283
Edge	137	1232	982	0	0	0	4	-1
	Sequence	-edge_69_0_+disjointig_164_0_45283 45283 -69 45284 0 45283
Edge	138	1315	1271	0	0	0	5	-1
	Sequence	+edge_70_0_+disjointig_165_0_91528 91528 70 91529 0 91528
Edge	139	1126	1230	0	0	0	5	-1
	Sequence	-edge_70_0_+disjointig_165_0_91528 91528 -70 91529 0 91528
Edge	144	1358	403	0	0	0	6	-1
	Sequence	+edge_73_0_+disjointig_168_0_34975 34975 73 34976 0 34975
Edge	145	1282	887	0	0	0	6	-1
	Sequence	-edge_73_0_+disjointig_168_0_34975 34975 -73 34976 0 34975
Edge	150	1190	1273	0	0	0	6	-1
	Sequence	+edge_76_0_+disjointig_170_0_46972 46972 76 46973 0 46972
Edge	151	1224	1262	0	0	0	6	-1
	Sequence	-edge_76_0_+disjointig_170_0_46972 46972 -76 46973 0 46972
Edge	152	979	1222	0	0	0	4	-1
	Sequence	+edge_77_0_+disjointig_171_0_14082 14082 77 14083 0 14082
Edge	153	1167	936	0	0	0	4	-1
	Sequence	-edge_77_0_+disjointig_171_0_14082 14082 -77 14083 0 14082
Edge	156	1338	1214	0	0	0	3	-1
	Sequence	+edge_79_0_+disjointig_173_0_29869 29869 79 29870 0 29869
Edge	157	548	962	0	0	0	3	-1
	Sequence	-edge_79_0_+disjointig_173_0_29869 29869 -79 29870 0 29869
Edge	158	1211	924	0	0	0	4	-1
	Sequence	+edge_80_0_+disjointig_174_0_27479 27479 80 27480 0 27479
Edge	159	1016	1285	0	0	0	4	-1
	Sequence	-edge_80_0_+disjointig_174_0_27479 27479 -80 27480 0 27479
Edge	160	1173	1209	0	0	0	4	-1
	Sequence	+edge_81_0_+disjointig_175_0_8294 8294 81 8295 0 8294
Edge	161	1048	641	0	0	0	4	-1
	Sequence	-edge_81_0_+disjointig_175_0_8294 8294 -81 8295 0 8294
Edge	164	1277	116	0	0	0	5	-1
	Sequence	+edge_83_0_+disjointig_177_0_24496 24496 83 24497 0 24496
Edge	165	983	1386	0	0	0	5	-1
	Sequence	-edge_83_0_+disjointig_177_0_24496 24496 -83 24497 0 24496
Edge	170	199	514	0	0	0	5	-1
	Sequence	+edge_86_0_+disjointig_181_0_59182 59182 86 59183 0 59182
Edge	171	1201	1378	0	0	0	5	-1
	Sequence	-edge_86_0_+disjointig_181_0_59182 59182 -86 59183 0 59182
Edge	172	1039	1329	0	0	0	5	-1
	Sequence	+edge_87_0_+disjointig_182_0_35757 35757 87 35758 0 35757
Edge	173	993	1185	0	0	0	5	-1
	Sequence	-edge_87_0_+disjointig_182_0_35757 35757 -87 35758 0 35757
Edge	174	638	1350	0	0	0	7	-1
	Sequence	+edge_88_0_+disjointig_184_0_45629 45629 88 45630 0 45629
Edge	175	1213	885	0	0	0	7	-1
	Sequence	-edge_88_0_+disjointig_184_0_45629 45629 -88 45630 0 45629
Edge	178	667	1193	0	0	0	5	-1
	Sequence	+edge_90_0_+disjointig_186_0_25777 25777 90 25778 0 25777
Edge	179	994	1257	0	0	0	5	-1
	Sequence	-edge_90_0_+disjointig_186_0_25777 25777 -90 25778 0 25777
Edge	180	474	263	0	0	0	4	-1
	Sequence	+edge_91_0_+disjointig_187_0_20073 20073 91 20074 0 20073
Edge	181	1333	1281	0	0	0	4	-1
	Sequence	-edge_91_0_+disjointig_187_0_20073 20073 -91 20074 0 20073
Edge	182	506	1407	0	0	0	5	-1
	Sequence	+edge_92_0_+disjointig_188_0_42306 42306 92 42307 0 42306
Edge	183	1008	860	0	0	0	5	-1
	Sequence	-edge_92_0_+disjointig_188_0_42306 42306 -92 42307 0 42306
Edge	184	1057	1336	0	0	0	6	-1
	Sequence	+edge_93_0_+disjointig_19_0_19365 19365 93 19366 0 19365
Edge	185	1113	1352	0	0	0	6	-1
	Sequence	-edge_93_0_+disjointig_19_0_19365 19365 -93 19366 0 19365
Edge	186	1189	411	0	0	0	4	-1
	Sequence	+edge_94_0_+disjointig_190_0_24161 24161 94 24162 0 24161
Edge	187	843	1340	0	0	0	4	-1
	Sequence	-edge_94_0_+disjointig_190_0_24161 24161 -94 24162 0 24161
Edge	188	412	185	0	0	0	7	-1
	Sequence	+edge_95_0_+disjointig_191_0_24254 24254 95 24255 0 24254
Edge	189	1188	1087	0	0	0	7	-1
	Sequence	-edge_95_0_+disjointig_191_0_24254 24254 -95 24255 0 24254
Edge	190	711	644	0	0	0	7	-1
	Sequence	+edge_96_0_+disjointig_192_0_87213 87213 96 87214 0 87213
Edge	191	1184	816	0	0	0	7	-1
	Sequence	-edge_96_0_+disjointig_192_0_87213 87213 -96 87214 0 87213
Edge	196	158	1206	0	0	0	5	-1
	Sequence	+edge_99_0_+disjointig_196_0_66839 66839 99 66840 0 66839
Edge	197	1175	1171	0	0	0	5	-1
	Sequence	-edge_99_0_+disjointig_196_0_66839 66839 -99 66840 0 66839
Edge	198	892	764	0	0	0	7	-1
	Sequence	+edge_100_0_+disjointig_197_0_86008 86008 100 86009 0 86008
Edge	199	1157	1384	0	0	0	7	-1
	Sequence	-edge_100_0_+disjointig_197_0_86008 86008 -100 86009 0 86008
Edge	200	385	1265	0	0	0	6	-1
	Sequence	+edge_101_0_+disjointig_198_0_51442 51442 101 51443 0 51442
Edge	201	1019	954	0	0	0	6	-1
	Sequence	-edge_101_0_+disjointig_198_0_51442 51442 -101 51443 0 51442
Edge	206	164	546	0	0	0	6	-1
	Sequence	+edge_104_0_+disjointig_20_0_109717 109717 104 109718 0 109717
Edge	207	302	230	0	0	0	6	-1
	Sequence	-edge_104_0_+disjointig_20_0_109717 109717 -104 109718 0 109717
Edge	210	971	776	0	0	0	3	-1
	Sequence	+edge_106_0_+disjointig_201_0_7990 7990 106 7991 0 7990
Edge	211	1164	1040	0	0	0	3	-1
	Sequence	-edge_106_0_+disjointig_201_0_7990 7990 -106 7991 0 7990
Edge	220	1221	1152	1	0	0	9	-1
	Sequence	+edge_111_0_+disjointig_206_0_49117 49117 111 49118 0 49117
Edge	221	142	806	1	0	0	9	-1
	Sequence	-edge_111_0_+disjointig_206_0_49117 49117 -111 49118 0 49117
Edge	222	1298	930	0	0	0	3	-1
	Sequence	+edge_112_0_+disjointig_208_0_9428 9428 112 9429 0 9428
Edge	223	927	1168	0	0	0	3	-1
	Sequence	-edge_112_0_+disjointig_208_0_9428 9428 -112 9429 0 9428
Edge	226	1143	1312	0	0	0	7	-1
	Sequence	+edge_114_0_+disjointig_21_0_101005 101005 114 101006 0 101005
Edge	227	1142	915	0	0	0	7	-1
	Sequence	-edge_114_0_+disjointig_21_0_101005 101005 -114 101006 0 101005
Edge	228	770	769	0	0	0	5	-1
	Sequence	+edge_115_0_+disjointig_210_0_14169 14169 115 14170 0 14169
Edge	229	1397	1135	0	0	0	5	-1
	Sequence	-edge_115_0_+disjointig_210_0_14169 14169 -115 14170 0 14169
Edge	232	1123	625	0	0	0	4	-1
	Sequence	+edge_117_0_+disjointig_212_0_22582 22582 117 22583 0 22582
Edge	233	1357	1121	0	0	0	4	-1
	Sequence	-edge_117_0_+disjointig_212_0_22582 22582 -117 22583 0 22582
Edge	234	1119	598	0	0	0	4	-1
	Sequence	+edge_118_0_+disjointig_213_0_75503 75503 118 75504 0 75503
Edge	235	674	215	0	0	0	4	-1
	Sequence	-edge_118_0_+disjointig_213_0_75503 75503 -118 75504 0 75503
Edge	242	468	895	1	0	0	11	-1
	Sequence	+edge_122_0_+disjointig_217_0_20795 20795 122 20796 0 20795
Edge	243	493	715	1	0	0	11	-1
	Sequence	-edge_122_0_+disjointig_217_0_20795 20795 -122 20796 0 20795
Edge	244	1105	692	0	0	0	6	-1
	Sequence	+edge_123_0_+disjointig_218_0_40676 40676 123 40677 0 40676
Edge	245	248	645	0	0	0	6	-1
	Sequence	-edge_123_0_+disjointig_218_0_40676 40676 -123 40677 0 40676
Edge	246	1160	1163	0	0	0	5	-1
	Sequence	+edge_124_0_+disjointig_219_0_42861 42861 124 42862 0 42861
Edge	247	146	1103	0	0	0	5	-1
	Sequence	-edge_124_0_+disjointig_219_0_42861 42861 -124 42862 0 42861
Edge	248	1202	726	0	0	0	6	-1
	Sequence	+edge_125_0_+disjointig_22_0_52239 52239 125 52240 0 52239
Edge	249	1361	1242	0	0	0	6	-1
	Sequence	-edge_125_0_+disjointig_22_0_52239 52239 -125 52240 0 52239
Edge	250	1102	1120	0	0	0	4	-1
	Sequence	+edge_126_0_+disjointig_220_0_28557 28557 126 28558 0 28557
Edge	251	76	121	0	0	0	4	-1
	Sequence	-edge_126_0_+disjointig_220_0_28557 28557 -126 28558 0 28557
Edge	254	1099	1091	0	0	0	3	-1
	Sequence	+edge_128_0_+disjointig_222_0_12899 12899 128 12900 0 12899
Edge	255	1394	1377	0	0	0	3	-1
	Sequence	-edge_128_0_+disjointig_222_0_12899 12899 -128 12900 0 12899
Edge	256	1024	1308	0	0	0	3	-1
	Sequence	+edge_129_0_+disjointig_223_0_13049 13049 129 13050 0 13049
Edge	257	974	1097	0	0	0	3	-1
	Sequence	-edge_129_0_+disjointig_223_0_13049 13049 -129 13050 0 13049
Edge	262	1356	1052	0	0	0	4	-1
	Sequence	+edge_132_0_+disjointig_227_0_34683 34683 132 34684 0 34683
Edge	263	1208	1174	0	0	0	4	-1
	Sequence	-edge_132_0_+disjointig_227_0_34683 34683 -132 34684 0 34683
Edge	266	798	1083	0	0	0	6	-1
	Sequence	+edge_134_0_+disjointig_23_0_51518 51518 134 51519 0 51518
Edge	267	1081	1080	0	0	0	6	-1
	Sequence	-edge_134_0_+disjointig_23_0_51518 51518 -134 51519 0 51518
Edge	268	1004	1238	0	0	0	6	-1
	Sequence	+edge_135_0_+disjointig_230_0_56042 56042 135 56043 0 56042
Edge	269	242	1079	0	0	0	6	-1
	Sequence	-edge_135_0_+disjointig_230_0_56042 56042 -135 56043 0 56042
Edge	272	1078	1295	0	0	0	3	-1
	Sequence	+edge_137_0_+disjointig_232_0_12734 12734 137 12735 0 12734
Edge	273	536	1284	0	0	0	3	-1
	Sequence	-edge_137_0_+disjointig_232_0_12734 12734 -137 12735 0 12734
Edge	274	1076	1177	0	0	0	7	-1
	Sequence	+edge_138_0_+disjointig_233_0_64047 64047 138 64048 0 64047
Edge	275	1220	1092	0	0	0	7	-1
	Sequence	-edge_138_0_+disjointig_233_0_64047 64047 -138 64048 0 64047
Edge	276	1133	1158	0	0	0	6	-1
	Sequence	+edge_139_0_+disjointig_234_0_15291 15291 139 15292 0 15291
Edge	277	1073	1072	0	0	0	6	-1
	Sequence	-edge_139_0_+disjointig_234_0_15291 15291 -139 15292 0 15291
Edge	280	425	1063	0	0	0	3	-1
	Sequence	+edge_141_0_+disjointig_236_0_21463 21463 141 21464 0 21463
Edge	281	1153	191	0	0	0	3	-1
	Sequence	-edge_141_0_+disjointig_236_0_21463 21463 -141 21464 0 21463
Edge	282	1062	1058	0	0	0	4	-1
	Sequence	+edge_142_0_+disjointig_237_0_32406 32406 142 32407 0 32406
Edge	283	791	1059	0	0	0	4	-1
	Sequence	-edge_142_0_+disjointig_237_0_32406 32406 -142 32407 0 32406
Edge	284	1055	1178	0	0	0	3	-1
	Sequence	+edge_143_0_+disjointig_238_0_10523 10523 143 10524 0 10523
Edge	285	1041	998	0	0	0	3	-1
	Sequence	-edge_143_0_+disjointig_238_0_10523 10523 -143 10524 0 10523
Edge	290	310	431	0	0	0	6	-1
	Sequence	+edge_146_0_+disjointig_240_0_60946 60946 146 60947 0 60946
Edge	291	1049	201	0	0	0	6	-1
	Sequence	-edge_146_0_+disjointig_240_0_60946 60946 -146 60947 0 60946
Edge	292	918	268	0	0	0	6	-1
	Sequence	+edge_147_0_+disjointig_241_0_24363 24363 147 24364 0 24363
Edge	293	987	436	0	0	0	6	-1
	Sequence	-edge_147_0_+disjointig_241_0_24363 24363 -147 24364 0 24363
Edge	298	294	926	0	0	0	7	-1
	Sequence	+edge_150_0_+disjointig_244_0_56161 56161 150 56162 0 56161
Edge	299	1371	1045	0	0	0	7	-1
	Sequence	-edge_150_0_+disjointig_244_0_56161 56161 -150 56162 0 56161
Edge	300	1043	140	0	0	0	7	-1
	Sequence	+edge_151_0_+disjointig_246_0_77404 77404 151 77405 0 77404
Edge	301	108	735	0	0	0	7	-1
	Sequence	-edge_151_0_+disjointig_246_0_77404 77404 -151 77405 0 77404
Edge	302	1101	1060	0	0	0	5	-1
	Sequence	+edge_152_0_+disjointig_247_0_22439 22439 152 22440 0 22439
Edge	303	855	746	0	0	0	5	-1
	Sequence	-edge_152_0_+disjointig_247_0_22439 22439 -152 22440 0 22439
Edge	314	975	1036	0	0	0	5	-1
	Sequence	+edge_158_0_+disjointig_254_0_20632 20632 158 20633 0 20632
Edge	315	964	517	0	0	0	5	-1
	Sequence	-edge_158_0_+disjointig_254_0_20632 20632 -158 20633 0 20632
Edge	320	808	125	0	0	0	5	-1
	Sequence	+edge_161_0_+disjointig_257_0_34304 34304 161 34305 0 34304
Edge	321	1056	1187	0	0	0	5	-1
	Sequence	-edge_161_0_+disjointig_257_0_34304 34304 -161 34305 0 34304
Edge	324	920	240	0	0	0	4	-1
	Sequence	+edge_163_0_+disjointig_259_0_12789 12789 163 12790 0 12789
Edge	325	1029	1026	0	0	0	4	-1
	Sequence	-edge_163_0_+disjointig_259_0_12789 12789 -163 12790 0 12789
Edge	326	216	922	0	0	0	4	-1
	Sequence	+edge_164_0_+disjointig_26_0_50976 50976 164 50977 0 50976
Edge	327	124	1200	0	0	0	4	-1
	Sequence	-edge_164_0_+disjointig_26_0_50976 50976 -164 50977 0 50976
Edge	332	1018	1047	0	0	0	5	-1
	Sequence	+edge_167_0_+disjointig_262_0_27162 27162 167 27163 0 27162
Edge	333	1017	1399	0	0	0	5	-1
	Sequence	-edge_167_0_+disjointig_262_0_27162 27162 -167 27163 0 27162
Edge	334	1013	1034	0	0	0	6	-1
	Sequence	+edge_168_0_+disjointig_263_0_25957 25957 168 25958 0 25957
Edge	335	1367	1132	0	0	0	6	-1
	Sequence	-edge_168_0_+disjointig_263_0_25957 25957 -168 25958 0 25957
Edge	340	1311	1310	0	0	0	5	-1
	Sequence	+edge_171_0_+disjointig_266_0_50994 50994 171 50995 0 50994
Edge	341	696	740	0	0	0	5	-1
	Sequence	-edge_171_0_+disjointig_266_0_50994 50994 -171 50995 0 50994
Edge	342	1005	500	0	0	0	3	-1
	Sequence	+edge_172_0_+disjointig_267_0_32427 32427 172 32428 0 32427
Edge	343	774	773	0	0	0	3	-1
	Sequence	-edge_172_0_+disjointig_267_0_32427 32427 -172 32428 0 32427
Edge	346	716	313	0	0	0	5	-1
	Sequence	+edge_174_0_+disjointig_27_0_90494 90494 174 90495 0 90494
Edge	347	1000	778	0	0	0	5	-1
	Sequence	-edge_174_0_+disjointig_27_0_90494 90494 -174 90495 0 90494
Edge	348	386	997	0	0	0	7	-1
	Sequence	+edge_175_0_+disjointig_270_0_27898 27898 175 27899 0 27898
Edge	349	1037	992	0	0	0	7	-1
	Sequence	-edge_175_0_+disjointig_270_0_27898 27898 -175 27899 0 27898
Edge	350	889	1150	0	0	0	4	-1
	Sequence	+edge_176_0_+disjointig_271_0_9917 9917 176 9918 0 9917
Edge	351	634	1035	0	0	0	4	-1
	Sequence	-edge_176_0_+disjointig_271_0_9917 9917 -176 9918 0 9917
Edge	354	1127	988	0	0	0	5	-1
	Sequence	+edge_178_0_+disjointig_273_0_15973 15973 178 15974 0 15973
Edge	355	742	989	0	0	0	5	-1
	Sequence	-edge_178_0_+disjointig_273_0_15973 15973 -178 15974 0 15973
Edge	362	980	1067	0	0	0	3	-1
	Sequence	+edge_182_0_+disjointig_278_0_6769 6769 182 6770 0 6769
Edge	363	1248	1146	0	0	0	3	-1
	Sequence	-edge_182_0_+disjointig_278_0_6769 6769 -182 6770 0 6769
Edge	366	631	977	0	0	0	3	-1
	Sequence	+edge_184_0_+disjointig_28_0_21740 21740 184 21741 0 21740
Edge	367	972	970	0	0	0	3	-1
	Sequence	-edge_184_0_+disjointig_28_0_21740 21740 -184 21741 0 21740
Edge	368	968	820	0	0	0	7	-1
	Sequence	+edge_185_0_+disjointig_280_0_28736 28736 185 28737 0 28736
Edge	369	682	966	0	0	0	7	-1
	Sequence	-edge_185_0_+disjointig_280_0_28736 28736 -185 28737 0 28736
Edge	372	976	396	0	0	0	4	-1
	Sequence	+edge_187_0_+disjointig_283_0_40907 40907 187 40908 0 40907
Edge	373	119	959	0	0	0	4	-1
	Sequence	-edge_187_0_+disjointig_283_0_40907 40907 -187 40908 0 40907
Edge	376	951	948	0	0	0	3	-1
	Sequence	+edge_189_0_+disjointig_285_0_9687 9687 189 9688 0 9687
Edge	377	946	228	0	0	0	3	-1
	Sequence	-edge_189_0_+disjointig_285_0_9687 9687 -189 9688 0 9687
Edge	378	850	410	0	0	0	4	-1
	Sequence	+edge_190_0_+disjointig_286_0_28926 28926 190 28927 0 28926
Edge	379	780	93	0	0	0	4	-1
	Sequence	-edge_190_0_+disjointig_286_0_28926 28926 -190 28927 0 28926
Edge	380	950	878	0	0	0	5	-1
	Sequence	+edge_191_0_+disjointig_287_0_32166 32166 191 32167 0 32166
Edge	381	1236	967	0	0	0	5	-1
	Sequence	-edge_191_0_+disjointig_287_0_32166 32166 -191 32167 0 32166
Edge	382	429	1196	0	0	0	4	-1
	Sequence	+edge_192_0_+disjointig_288_0_48411 48411 192 48412 0 48411
Edge	383	944	1090	0	0	0	4	-1
	Sequence	-edge_192_0_+disjointig_288_0_48411 48411 -192 48412 0 48411
Edge	384	389	391	0	0	0	6	-1
	Sequence	+edge_193_0_+disjointig_289_0_12846 12846 193 12847 0 12846
Edge	385	1151	1231	0	0	0	6	-1
	Sequence	-edge_193_0_+disjointig_289_0_12846 12846 -193 12847 0 12846
Edge	388	452	940	0	0	0	7	-1
	Sequence	+edge_195_0_+disjointig_290_0_37455 37455 195 37456 0 37455
Edge	389	935	934	0	0	0	7	-1
	Sequence	-edge_195_0_+disjointig_290_0_37455 37455 -195 37456 0 37455
Edge	394	1180	1332	1	0	0	9	-1
	Sequence	+edge_198_0_+disjointig_293_0_21816 21816 198 21817 0 21816
Edge	395	919	417	1	0	0	9	-1
	Sequence	-edge_198_0_+disjointig_293_0_21816 21816 -198 21817 0 21816
Edge	400	991	917	0	0	0	4	-1
	Sequence	+edge_201_0_+disjointig_296_0_18766 18766 201 18767 0 18766
Edge	401	650	747	0	0	0	4	-1
	Sequence	-edge_201_0_+disjointig_296_0_18766 18766 -201 18767 0 18766
Edge	404	916	815	0	0	0	3	-1
	Sequence	+edge_203_0_+disjointig_298_0_40713 40713 203 40714 0 40713
Edge	405	912	911	0	0	0	3	-1
	Sequence	-edge_203_0_+disjointig_298_0_40713 40713 -203 40714 0 40713
Edge	410	900	897	1	0	0	9	-1
	Sequence	+edge_206_0_+disjointig_30_0_14953 14953 206 14954 0 14953
Edge	411	896	1212	1	0	0	9	-1
	Sequence	-edge_206_0_+disjointig_30_0_14953 14953 -206 14954 0 14953
Edge	414	210	894	0	0	0	6	-1
	Sequence	+edge_208_0_+disjointig_301_0_41739 41739 208 41740 0 41739
Edge	415	392	893	0	0	0	6	-1
	Sequence	-edge_208_0_+disjointig_301_0_41739 41739 -208 41740 0 41739
Edge	416	1359	543	0	0	0	6	-1
	Sequence	+edge_209_0_+disjointig_302_0_13313 13313 209 13314 0 13313
Edge	417	891	890	0	0	0	6	-1
	Sequence	-edge_209_0_+disjointig_302_0_13313 13313 -209 13314 0 13313
Edge	422	679	683	0	0	0	4	-1
	Sequence	+edge_212_0_+disjointig_305_0_13477 13477 212 13478 0 13477
Edge	423	881	883	0	0	0	4	-1
	Sequence	-edge_212_0_+disjointig_305_0_13477 13477 -212 13478 0 13477
Edge	432	1328	1385	0	0	0	5	-1
	Sequence	+edge_217_0_+disjointig_31_0_50663 50663 217 50664 0 50663
Edge	433	876	1381	0	0	0	5	-1
	Sequence	-edge_217_0_+disjointig_31_0_50663 50663 -217 50664 0 50663
Edge	434	1032	575	0	0	0	3	-1
	Sequence	+edge_218_0_+disjointig_310_0_26608 26608 218 26609 0 26608
Edge	435	875	759	0	0	0	3	-1
	Sequence	-edge_218_0_+disjointig_310_0_26608 26608 -218 26609 0 26608
Edge	436	620	1031	0	0	0	3	-1
	Sequence	+edge_219_0_+disjointig_311_0_31154 31154 219 31155 0 31154
Edge	437	913	874	0	0	0	3	-1
	Sequence	-edge_219_0_+disjointig_311_0_31154 31154 -219 31155 0 31154
Edge	438	1326	870	0	0	0	4	-1
	Sequence	+edge_220_0_+disjointig_312_0_40046 40046 220 40047 0 40046
Edge	439	943	685	0	0	0	4	-1
	Sequence	-edge_220_0_+disjointig_312_0_40046 40046 -220 40047 0 40046
Edge	442	422	854	0	0	0	4	-1
	Sequence	+edge_222_0_+disjointig_314_0_74083 74083 222 74084 0 74083
Edge	443	868	867	0	0	0	4	-1
	Sequence	-edge_222_0_+disjointig_314_0_74083 74083 -222 74084 0 74083
Edge	446	765	864	0	0	0	3	-1
	Sequence	+edge_224_0_+disjointig_316_0_38764 38764 224 38765 0 38764
Edge	447	949	704	0	0	0	3	-1
	Sequence	-edge_224_0_+disjointig_316_0_38764 38764 -224 38765 0 38764
Edge	452	234	311	0	0	0	5	-1
	Sequence	+edge_227_0_+disjointig_32_0_11627 11627 227 11628 0 11627
Edge	453	1307	1253	0	0	0	5	-1
	Sequence	-edge_227_0_+disjointig_32_0_11627 11627 -227 11628 0 11627
Edge	454	858	856	0	0	0	6	-1
	Sequence	+edge_228_0_+disjointig_320_0_36808 36808 228 36809 0 36808
Edge	455	649	810	0	0	0	6	-1
	Sequence	-edge_228_0_+disjointig_320_0_36808 36808 -228 36809 0 36808
Edge	462	555	863	0	0	0	6	-1
	Sequence	+edge_232_0_+disjointig_324_0_15881 15881 232 15882 0 15881
Edge	463	611	847	0	0	0	6	-1
	Sequence	-edge_232_0_+disjointig_324_0_15881 15881 -232 15882 0 15881
Edge	464	604	846	0	0	0	4	-1
	Sequence	+edge_233_0_+disjointig_325_0_21380 21380 233 21381 0 21380
Edge	465	79	327	0	0	0	4	-1
	Sequence	-edge_233_0_+disjointig_325_0_21380 21380 -233 21381 0 21380
Edge	466	844	842	0	0	0	4	-1
	Sequence	+edge_234_0_+disjointig_326_0_21182 21182 234 21183 0 21182
Edge	467	841	840	0	0	0	4	-1
	Sequence	-edge_234_0_+disjointig_326_0_21182 21182 -234 21183 0 21182
Edge	472	181	955	0	0	0	3	-1
	Sequence	+edge_237_0_+disjointig_329_0_28226 28226 237 28227 0 28226
Edge	473	804	1148	0	0	0	3	-1
	Sequence	-edge_237_0_+disjointig_329_0_28226 28226 -237 28227 0 28226
Edge	476	834	114	0	0	0	5	-1
	Sequence	+edge_239_0_+disjointig_330_0_7807 7807 239 7808 0 7807
Edge	477	833	602	0	0	0	5	-1
	Sequence	-edge_239_0_+disjointig_330_0_7807 7807 -239 7808 0 7807
Edge	482	1116	824	0	0	0	3	-1
	Sequence	+edge_242_0_+disjointig_333_0_8185 8185 242 8186 0 8185
Edge	483	822	819	0	0	0	3	-1
	Sequence	-edge_242_0_+disjointig_333_0_8185 8185 -242 8186 0 8185
Edge	484	817	814	0	0	0	4	-1
	Sequence	+edge_243_0_+disjointig_334_0_23958 23958 243 23959 0 23958
Edge	485	813	1011	0	0	0	4	-1
	Sequence	-edge_243_0_+disjointig_334_0_23958 23958 -243 23959 0 23958
Edge	486	811	807	0	0	0	4	-1
	Sequence	+edge_244_0_+disjointig_335_0_20885 20885 244 20886 0 20885
Edge	487	805	884	0	0	0	4	-1
	Sequence	-edge_244_0_+disjointig_335_0_20885 20885 -244 20886 0 20885
Edge	490	1251	799	0	0	0	5	-1
	Sequence	+edge_246_0_+disjointig_337_0_12110 12110 246 12111 0 12110
Edge	491	371	796	0	0	0	5	-1
	Sequence	-edge_246_0_+disjointig_337_0_12110 12110 -246 12111 0 12110
Edge	494	229	445	0	0	0	3	-1
	Sequence	+edge_248_0_+disjointig_339_0_23458 23458 248 23459 0 23458
Edge	495	898	790	0	0	0	3	-1
	Sequence	-edge_248_0_+disjointig_339_0_23458 23458 -248 23459 0 23458
Edge	496	603	1259	0	0	0	6	-1
	Sequence	+edge_249_0_+disjointig_34_0_286417 286417 249 286418 0 286417
Edge	497	788	886	0	0	0	6	-1
	Sequence	-edge_249_0_+disjointig_34_0_286417 286417 -249 286418 0 286417
Edge	498	466	787	0	0	0	3	-1
	Sequence	+edge_250_0_+disjointig_340_0_18116 18116 250 18117 0 18116
Edge	499	1192	1044	0	0	0	3	-1
	Sequence	-edge_250_0_+disjointig_340_0_18116 18116 -250 18117 0 18116
Edge	510	214	766	0	0	0	3	-1
	Sequence	+edge_256_0_+disjointig_348_0_21300 21300 256 21301 0 21300
Edge	511	662	433	0	0	0	3	-1
	Sequence	-edge_256_0_+disjointig_348_0_21300 21300 -256 21301 0 21300
Edge	518	324	1363	0	0	0	5	-1
	Sequence	+edge_260_0_+disjointig_351_0_18117 18117 260 18118 0 18117
Edge	519	72	851	0	0	0	5	-1
	Sequence	-edge_260_0_+disjointig_351_0_18117 18117 -260 18118 0 18117
Edge	526	104	755	0	0	0	6	-1
	Sequence	+edge_264_0_+disjointig_355_0_43237 43237 264 43238 0 43237
Edge	527	775	871	0	0	0	6	-1
	Sequence	-edge_264_0_+disjointig_355_0_43237 43237 -264 43238 0 43237
Edge	530	753	752	0	0	0	4	-1
	Sequence	+edge_266_0_+disjointig_357_0_28928 28928 266 28929 0 28928
Edge	531	801	750	0	0	0	4	-1
	Sequence	-edge_266_0_+disjointig_357_0_28928 28928 -266 28929 0 28928
Edge	536	745	744	0	0	0	5	-1
	Sequence	+edge_269_0_+disjointig_36_0_70752 70752 269 70753 0 70752
Edge	537	1241	743	0	0	0	5	-1
	Sequence	-edge_269_0_+disjointig_36_0_70752 70752 -269 70753 0 70752
Edge	538	469	739	0	0	0	6	-1
	Sequence	+edge_270_0_+disjointig_360_0_38429 38429 270 38430 0 38429
Edge	539	738	761	0	0	0	6	-1
	Sequence	-edge_270_0_+disjointig_360_0_38429 38429 -270 38430 0 38429
Edge	540	440	1053	0	0	0	3	-1
	Sequence	+edge_271_0_+disjointig_361_0_21118 21118 271 21119 0 21118
Edge	541	1243	654	0	0	0	3	-1
	Sequence	-edge_271_0_+disjointig_361_0_21118 21118 -271 21119 0 21118
Edge	542	736	857	0	0	0	3	-1
	Sequence	+edge_272_0_+disjointig_362_0_12059 12059 272 12060 0 12059
Edge	543	1319	710	0	0	0	3	-1
	Sequence	-edge_272_0_+disjointig_362_0_12059 12059 -272 12060 0 12059
Edge	544	1115	139	0	0	0	3	-1
	Sequence	+edge_273_0_+disjointig_363_0_9868 9868 273 9869 0 9868
Edge	545	777	1339	0	0	0	3	-1
	Sequence	-edge_273_0_+disjointig_363_0_9868 9868 -273 9869 0 9868
Edge	550	316	304	0	0	0	3	-1
	Sequence	+edge_276_0_+disjointig_366_0_16188 16188 276 16189 0 16188
Edge	551	849	999	0	0	0	3	-1
	Sequence	-edge_276_0_+disjointig_366_0_16188 16188 -276 16189 0 16188
Edge	552	848	730	0	0	0	5	-1
	Sequence	+edge_277_0_+disjointig_368_0_22745 22745 277 22746 0 22745
Edge	553	1413	1322	0	0	0	5	-1
	Sequence	-edge_277_0_+disjointig_368_0_22745 22745 -277 22746 0 22745
Edge	556	931	737	0	0	0	5	-1
	Sequence	+edge_279_0_+disjointig_37_0_66838 66838 279 66839 0 66838
Edge	557	332	137	0	0	0	5	-1
	Sequence	-edge_279_0_+disjointig_37_0_66838 66838 -279 66839 0 66838
Edge	558	615	586	0	0	0	7	-1
	Sequence	+edge_280_0_+disjointig_370_0_38257 38257 280 38258 0 38257
Edge	559	728	879	0	0	0	7	-1
	Sequence	-edge_280_0_+disjointig_370_0_38257 38257 -280 38258 0 38257
Edge	560	727	284	0	0	0	6	-1
	Sequence	+edge_281_0_+disjointig_371_0_10959 10959 281 10960 0 10959
Edge	561	725	724	0	0	0	6	-1
	Sequence	-edge_281_0_+disjointig_371_0_10959 10959 -281 10960 0 10959
Edge	562	1288	723	0	0	0	4	-1
	Sequence	+edge_282_0_+disjointig_373_0_15260 15260 282 15261 0 15260
Edge	563	1275	283	0	0	0	4	-1
	Sequence	-edge_282_0_+disjointig_373_0_15260 15260 -282 15261 0 15260
Edge	566	721	720	0	0	0	5	-1
	Sequence	+edge_284_0_+disjointig_376_0_9415 9415 284 9416 0 9415
Edge	567	719	717	0	0	0	5	-1
	Sequence	-edge_284_0_+disjointig_376_0_9415 9415 -284 9416 0 9415
Edge	570	1344	712	0	0	0	5	-1
	Sequence	+edge_286_0_+disjointig_378_0_24584 24584 286 24585 0 24584
Edge	571	708	707	0	0	0	5	-1
	Sequence	-edge_286_0_+disjointig_378_0_24584 24584 -286 24585 0 24584
Edge	572	676	635	0	0	0	4	-1
	Sequence	+edge_287_0_+disjointig_379_0_18198 18198 287 18199 0 18198
Edge	573	706	1374	0	0	0	4	-1
	Sequence	-edge_287_0_+disjointig_379_0_18198 18198 -287 18199 0 18198
Edge	574	1409	705	0	0	0	6	-1
	Sequence	+edge_288_0_+disjointig_38_0_87437 87437 288 87438 0 87437
Edge	575	521	821	0	0	0	6	-1
	Sequence	-edge_288_0_+disjointig_38_0_87437 87437 -288 87438 0 87437
Edge	576	703	702	0	0	0	5	-1
	Sequence	+edge_289_0_+disjointig_380_0_30886 30886 289 30887 0 30886
Edge	577	1183	700	0	0	0	5	-1
	Sequence	-edge_289_0_+disjointig_380_0_30886 30886 -289 30887 0 30886
Edge	580	697	668	0	0	0	6	-1
	Sequence	+edge_291_0_+disjointig_382_0_32804 32804 291 32805 0 32804
Edge	581	648	1292	0	0	0	6	-1
	Sequence	-edge_291_0_+disjointig_382_0_32804 32804 -291 32805 0 32804
Edge	586	872	981	0	0	0	4	-1
	Sequence	+edge_294_0_+disjointig_385_0_12252 12252 294 12253 0 12252
Edge	587	693	247	0	0	0	4	-1
	Sequence	-edge_294_0_+disjointig_385_0_12252 12252 -294 12253 0 12252
Edge	592	690	1337	0	0	0	4	-1
	Sequence	+edge_297_0_+disjointig_388_0_22478 22478 297 22479 0 22478
Edge	593	688	1194	0	0	0	4	-1
	Sequence	-edge_297_0_+disjointig_388_0_22478 22478 -297 22479 0 22478
Edge	594	384	687	0	0	0	5	-1
	Sequence	+edge_298_0_+disjointig_389_0_29995 29995 298 29996 0 29995
Edge	595	714	1217	0	0	0	5	-1
	Sequence	-edge_298_0_+disjointig_389_0_29995 29995 -298 29996 0 29995
Edge	596	1088	155	0	0	0	4	-1
	Sequence	+edge_299_0_+disjointig_39_0_15003 15003 299 15004 0 15003
Edge	597	647	660	0	0	0	4	-1
	Sequence	-edge_299_0_+disjointig_39_0_15003 15003 -299 15004 0 15003
Edge	602	684	680	0	0	0	3	-1
	Sequence	+edge_302_0_+disjointig_392_0_10966 10966 302 10967 0 10966
Edge	603	678	677	0	0	0	3	-1
	Sequence	-edge_302_0_+disjointig_392_0_10966 10966 -302 10967 0 10966
Edge	606	675	1370	0	0	0	5	-1
	Sequence	+edge_304_0_+disjointig_394_0_16042 16042 304 16043 0 16042
Edge	607	617	672	0	0	0	5	-1
	Sequence	-edge_304_0_+disjointig_394_0_16042 16042 -304 16043 0 16042
Edge	608	224	669	0	0	0	4	-1
	Sequence	+edge_305_0_+disjointig_395_0_44322 44322 305 44323 0 44322
Edge	609	1290	1274	0	0	0	4	-1
	Sequence	-edge_305_0_+disjointig_395_0_44322 44322 -305 44323 0 44322
Edge	612	535	1162	0	0	0	3	-1
	Sequence	+edge_307_0_+disjointig_397_0_19191 19191 307 19192 0 19191
Edge	613	1380	689	0	0	0	3	-1
	Sequence	-edge_307_0_+disjointig_397_0_19191 19191 -307 19192 0 19191
Edge	616	663	985	0	0	0	3	-1
	Sequence	+edge_309_0_+disjointig_399_0_23274 23274 309 23275 0 23274
Edge	617	661	1354	0	0	0	3	-1
	Sequence	-edge_309_0_+disjointig_399_0_23274 23274 -309 23275 0 23274
Edge	622	906	134	0	0	0	4	-1
	Sequence	+edge_312_0_+disjointig_400_0_18576 18576 312 18577 0 18576
Edge	623	656	655	0	0	0	4	-1
	Sequence	-edge_312_0_+disjointig_400_0_18576 18576 -312 18577 0 18576
Edge	628	965	831	0	0	0	3	-1
	Sequence	+edge_315_0_+disjointig_403_0_16784 16784 315 16785 0 16784
Edge	629	803	339	0	0	0	3	-1
	Sequence	-edge_315_0_+disjointig_403_0_16784 16784 -315 16785 0 16784
Edge	630	653	1006	0	0	0	7	-1
	Sequence	+edge_316_0_+disjointig_404_0_26936 26936 316 26937 0 26936
Edge	631	1198	651	0	0	0	7	-1
	Sequence	-edge_316_0_+disjointig_404_0_26936 26936 -316 26937 0 26936
Edge	642	646	154	0	0	0	5	-1
	Sequence	+edge_322_0_+disjointig_41_0_83242 83242 322 83243 0 83242
Edge	643	1341	305	0	0	0	5	-1
	Sequence	-edge_322_0_+disjointig_41_0_83242 83242 -322 83243 0 83242
Edge	646	616	642	0	0	0	3	-1
	Sequence	+edge_324_0_+disjointig_411_0_23635 23635 324 23636 0 23635
Edge	647	861	1015	0	0	0	3	-1
	Sequence	-edge_324_0_+disjointig_411_0_23635 23635 -324 23636 0 23635
Edge	654	1074	568	0	0	0	3	-1
	Sequence	+edge_328_0_+disjointig_414_4273_29434 25161 327 29435 4273 29434
Edge	655	640	1084	0	0	0	3	-1
	Sequence	-edge_328_0_+disjointig_414_4273_29434 25161 -327 29435 0 25161
Edge	656	1	560	0	0	0	6	-1
	Sequence	+edge_329_0_+disjointig_45_57259_64462 7203 363 64463 57259 64462
Edge	657	558	0	0	0	0	6	-1
	Sequence	-edge_329_0_+disjointig_45_57259_64462 7203 -363 64463 0 7203
Edge	660	639	1398	0	0	0	4	-1
	Sequence	+edge_331_0_+disjointig_415_0_18831 18831 328 18832 0 18831
Edge	661	265	554	0	0	0	4	-1
	Sequence	-edge_331_0_+disjointig_415_0_18831 18831 -328 18832 0 18831
Edge	664	923	632	0	0	0	4	-1
	Sequence	+edge_333_0_+disjointig_417_0_6823 6823 330 6824 0 6823
Edge	665	621	629	0	0	0	4	-1
	Sequence	-edge_333_0_+disjointig_417_0_6823 6823 -330 6824 0 6823
Edge	666	1240	925	0	0	0	4	-1
	Sequence	+edge_334_0_+disjointig_418_0_14422 14422 331 14423 0 14422
Edge	667	829	1219	0	0	0	4	-1
	Sequence	-edge_334_0_+disjointig_418_0_14422 14422 -331 14423 0 14422
Edge	668	627	244	0	0	0	4	-1
	Sequence	+edge_335_0_+disjointig_419_0_14583 14583 332 14584 0 14583
Edge	669	942	131	0	0	0	4	-1
	Sequence	-edge_335_0_+disjointig_419_0_14583 14583 -332 14584 0 14583
Edge	670	958	1316	0	0	0	3	-1
	Sequence	+edge_336_0_+disjointig_42_0_5877 5877 333 5878 0 5877
Edge	671	624	1246	0	0	0	3	-1
	Sequence	-edge_336_0_+disjointig_42_0_5877 5877 -333 5878 0 5877
Edge	672	622	619	0	0	0	5	-1
	Sequence	+edge_337_0_+disjointig_420_0_18757 18757 334 18758 0 18757
Edge	673	1112	1272	0	0	0	5	-1
	Sequence	-edge_337_0_+disjointig_420_0_18757 18757 -334 18758 0 18757
Edge	674	613	691	0	0	0	3	-1
	Sequence	+edge_338_0_+disjointig_421_0_41434 41434 335 41435 0 41434
Edge	675	1022	1306	0	0	0	3	-1
	Sequence	-edge_338_0_+disjointig_421_0_41434 41434 -335 41435 0 41434
Edge	678	1283	178	0	0	0	3	-1
	Sequence	+edge_340_0_+disjointig_423_0_9960 9960 337 9961 0 9960
Edge	679	1086	608	0	0	0	3	-1
	Sequence	-edge_340_0_+disjointig_423_0_9960 9960 -337 9961 0 9960
Edge	686	600	1182	0	0	0	3	-1
	Sequence	+edge_344_0_+disjointig_427_0_23804 23804 341 23805 0 23804
Edge	687	159	666	0	0	0	3	-1
	Sequence	-edge_344_0_+disjointig_427_0_23804 23804 -341 23805 0 23804
Edge	688	597	120	0	0	0	5	-1
	Sequence	+edge_345_0_+disjointig_428_0_17015 17015 342 17016 0 17015
Edge	689	87	595	0	0	0	5	-1
	Sequence	-edge_345_0_+disjointig_428_0_17015 17015 -342 17016 0 17015
Edge	692	501	538	0	0	0	7	-1
	Sequence	+edge_347_0_+disjointig_43_0_26226 26226 344 26227 0 26226
Edge	693	194	593	0	0	0	7	-1
	Sequence	-edge_347_0_+disjointig_43_0_26226 26226 -344 26227 0 26226
Edge	696	587	1050	0	0	0	5	-1
	Sequence	+edge_349_0_+disjointig_431_0_20002 20002 346 20003 0 20002
Edge	697	1244	938	0	0	0	5	-1
	Sequence	-edge_349_0_+disjointig_431_0_20002 20002 -346 20003 0 20002
Edge	698	786	394	0	0	0	5	-1
	Sequence	+edge_350_0_+disjointig_433_0_14377 14377 347 14378 0 14377
Edge	699	1417	1218	0	0	0	5	-1
	Sequence	-edge_350_0_+disjointig_433_0_14377 14377 -347 14378 0 14377
Edge	700	1054	585	0	0	0	3	-1
	Sequence	+edge_351_0_+disjointig_434_0_15474 15474 348 15475 0 15474
Edge	701	1065	1403	0	0	0	3	-1
	Sequence	-edge_351_0_+disjointig_434_0_15474 15474 -348 15475 0 15474
Edge	702	783	584	0	0	0	5	-1
	Sequence	+edge_352_0_+disjointig_435_0_20436 20436 349 20437 0 20436
Edge	703	582	978	0	0	0	5	-1
	Sequence	-edge_352_0_+disjointig_435_0_20436 20436 -349 20437 0 20436
Edge	706	784	580	1	0	0	8	-1
	Sequence	+edge_354_0_+disjointig_437_0_21361 21361 351 21362 0 21361
Edge	707	579	797	1	0	0	8	-1
	Sequence	-edge_354_0_+disjointig_437_0_21361 21361 -351 21362 0 21361
Edge	712	578	899	0	0	0	5	-1
	Sequence	+edge_357_0_+disjointig_44_0_46712 46712 354 46713 0 46712
Edge	713	577	664	0	0	0	5	-1
	Sequence	-edge_357_0_+disjointig_44_0_46712 46712 -354 46713 0 46712
Edge	714	1197	1028	1	0	0	12	-1
	Sequence	+edge_358_0_+disjointig_440_0_15179 15179 355 15180 0 15179
Edge	715	565	576	1	0	0	12	-1
	Sequence	-edge_358_0_+disjointig_440_0_15179 15179 -355 15180 0 15179
Edge	716	303	1261	0	0	0	6	-1
	Sequence	+edge_359_0_+disjointig_441_0_58491 58491 356 58492 0 58491
Edge	717	157	102	0	0	0	6	-1
	Sequence	-edge_359_0_+disjointig_441_0_58491 58491 -356 58492 0 58491
Edge	720	574	573	0	0	0	4	-1
	Sequence	+edge_361_0_+disjointig_444_0_19693 19693 358 19694 0 19693
Edge	721	986	571	0	0	0	4	-1
	Sequence	-edge_361_0_+disjointig_444_0_19693 19693 -358 19694 0 19693
Edge	734	553	1108	0	0	0	6	-1
	Sequence	+edge_368_0_+disjointig_452_0_29033 29033 366 29034 0 29033
Edge	735	1191	552	0	0	0	6	-1
	Sequence	-edge_368_0_+disjointig_452_0_29033 29033 -366 29034 0 29033
Edge	738	605	549	0	0	0	4	-1
	Sequence	+edge_370_0_+disjointig_454_0_10690 10690 368 10691 0 10690
Edge	739	547	828	0	0	0	4	-1
	Sequence	-edge_370_0_+disjointig_454_0_10690 10690 -368 10691 0 10690
Edge	740	557	633	0	0	0	4	-1
	Sequence	+edge_371_0_+disjointig_456_0_18847 18847 369 18848 0 18847
Edge	741	524	545	0	0	0	4	-1
	Sequence	-edge_371_0_+disjointig_456_0_18847 18847 -369 18848 0 18847
Edge	746	542	541	0	0	0	4	-1
	Sequence	+edge_374_0_+disjointig_459_0_21130 21130 372 21131 0 21130
Edge	747	540	539	0	0	0	4	-1
	Sequence	-edge_374_0_+disjointig_459_0_21130 21130 -372 21131 0 21130
Edge	756	563	795	0	0	0	3	-1
	Sequence	+edge_379_0_+disjointig_465_0_14223 14223 377 14224 0 14223
Edge	757	1346	741	0	0	0	3	-1
	Sequence	-edge_379_0_+disjointig_465_0_14223 14223 -377 14224 0 14223
Edge	760	533	928	0	0	0	4	-1
	Sequence	+edge_381_0_+disjointig_467_0_17762 17762 379 17763 0 17762
Edge	761	561	1391	0	0	0	4	-1
	Sequence	-edge_381_0_+disjointig_467_0_17762 17762 -379 17763 0 17762
Edge	762	732	859	0	0	0	6	-1
	Sequence	+edge_382_0_+disjointig_469_0_10405 10405 380 10406 0 10405
Edge	763	532	592	0	0	0	6	-1
	Sequence	-edge_382_0_+disjointig_469_0_10405 10405 -380 10406 0 10405
Edge	764	531	1233	0	0	0	4	-1
	Sequence	+edge_383_0_+disjointig_47_0_14450 14450 381 14451 0 14450
Edge	765	529	1139	0	0	0	4	-1
	Sequence	-edge_383_0_+disjointig_47_0_14450 14450 -381 14451 0 14450
Edge	766	528	527	0	0	0	3	-1
	Sequence	+edge_384_0_+disjointig_470_0_9388 9388 382 9389 0 9388
Edge	767	526	581	0	0	0	3	-1
	Sequence	-edge_384_0_+disjointig_470_0_9388 9388 -382 9389 0 9388
Edge	770	1289	525	0	0	0	6	-1
	Sequence	+edge_386_0_+disjointig_473_0_41215 41215 384 41216 0 41215
Edge	771	498	909	0	0	0	6	-1
	Sequence	-edge_386_0_+disjointig_473_0_41215 41215 -384 41216 0 41215
Edge	774	1252	556	0	0	0	4	-1
	Sequence	+edge_388_0_+disjointig_475_0_13201 13201 386 13202 0 13201
Edge	775	800	866	0	0	0	4	-1
	Sequence	-edge_388_0_+disjointig_475_0_13201 13201 -386 13202 0 13201
Edge	780	877	1010	0	0	0	5	-1
	Sequence	+edge_391_0_+disjointig_478_0_15504 15504 389 15505 0 15504
Edge	781	522	1195	0	0	0	5	-1
	Sequence	-edge_391_0_+disjointig_478_0_15504 15504 -389 15505 0 15504
Edge	784	482	825	0	0	0	7	-1
	Sequence	+edge_393_0_+disjointig_48_0_75672 75672 391 75673 0 75672
Edge	785	1104	519	0	0	0	7	-1
	Sequence	-edge_393_0_+disjointig_48_0_75672 75672 -391 75673 0 75672
Edge	786	516	731	0	0	0	6	-1
	Sequence	+edge_394_0_+disjointig_480_0_20387 20387 392 20388 0 20387
Edge	787	888	596	0	0	0	6	-1
	Sequence	-edge_394_0_+disjointig_480_0_20387 20387 -392 20388 0 20387
Edge	792	1093	195	0	0	0	3	-1
	Sequence	+edge_397_0_+disjointig_483_0_21082 21082 395 21083 0 21082
Edge	793	511	729	0	0	0	3	-1
	Sequence	-edge_397_0_+disjointig_483_0_21082 21082 -395 21083 0 21082
Edge	798	698	508	0	0	0	3	-1
	Sequence	+edge_400_0_+disjointig_486_0_9284 9284 398 9285 0 9284
Edge	799	865	496	0	0	0	3	-1
	Sequence	-edge_400_0_+disjointig_486_0_9284 9284 -398 9285 0 9284
Edge	804	713	1250	0	0	0	4	-1
	Sequence	+edge_403_0_+disjointig_489_0_9709 9709 401 9710 0 9709
Edge	805	505	767	0	0	0	4	-1
	Sequence	-edge_403_0_+disjointig_489_0_9709 9709 -401 9710 0 9709
Edge	806	504	1155	0	0	0	3	-1
	Sequence	+edge_404_0_+disjointig_490_0_19440 19440 402 19441 0 19440
Edge	807	503	502	0	0	0	3	-1
	Sequence	-edge_404_0_+disjointig_490_0_19440 19440 -402 19441 0 19440
Edge	808	905	509	0	0	0	5	-1
	Sequence	+edge_405_0_+disjointig_491_0_27764 27764 403 27765 0 27764
Edge	809	499	802	0	0	0	5	-1
	Sequence	-edge_405_0_+disjointig_491_0_27764 27764 -403 27765 0 27764
Edge	812	515	497	0	0	0	3	-1
	Sequence	+edge_407_0_+disjointig_494_0_6551 6551 405 6552 0 6551
Edge	813	1318	973	0	0	0	3	-1
	Sequence	-edge_407_0_+disjointig_494_0_6551 6551 -405 6552 0 6551
Edge	820	491	490	0	0	0	3	-1
	Sequence	+edge_411_0_+disjointig_498_0_14209 14209 409 14210 0 14209
Edge	821	489	694	0	0	0	3	-1
	Sequence	-edge_411_0_+disjointig_498_0_14209 14209 -409 14210 0 14209
Edge	822	699	273	0	0	0	3	-1
	Sequence	+edge_412_0_+disjointig_499_0_14455 14455 410 14456 0 14455
Edge	823	1325	296	0	0	0	3	-1
	Sequence	-edge_412_0_+disjointig_499_0_14455 14455 -410 14456 0 14455
Edge	824	1002	260	0	0	0	4	-1
	Sequence	+edge_413_0_+disjointig_5_0_38652 38652 411 38653 0 38652
Edge	825	518	488	0	0	0	4	-1
	Sequence	-edge_413_0_+disjointig_5_0_38652 38652 -411 38653 0 38652
Edge	828	486	485	0	0	0	7	-1
	Sequence	+edge_415_0_+disjointig_501_0_10992 10992 413 10993 0 10992
Edge	829	614	484	0	0	0	7	-1
	Sequence	-edge_415_0_+disjointig_501_0_10992 10992 -413 10993 0 10992
Edge	846	173	479	1	0	0	11	-1
	Sequence	+edge_424_0_+disjointig_51_0_39650 39650 422 39651 0 39650
Edge	847	477	476	1	0	0	11	-1
	Sequence	-edge_424_0_+disjointig_51_0_39650 39650 -422 39651 0 39650
Edge	852	472	559	0	0	0	3	-1
	Sequence	+edge_427_0_+disjointig_512_0_17049 17049 425 17050 0 17049
Edge	853	1124	471	0	0	0	3	-1
	Sequence	-edge_427_0_+disjointig_512_0_17049 17049 -425 17050 0 17049
Edge	854	470	550	0	0	0	3	-1
	Sequence	+edge_428_0_+disjointig_513_0_14419 14419 426 14420 0 14419
Edge	855	467	818	0	0	0	3	-1
	Sequence	-edge_428_0_+disjointig_513_0_14419 14419 -426 14420 0 14419
Edge	860	463	670	0	0	0	5	-1
	Sequence	+edge_431_0_+disjointig_516_0_24840 24840 429 24841 0 24840
Edge	861	1353	165	0	0	0	5	-1
	Sequence	-edge_431_0_+disjointig_516_0_24840 24840 -429 24841 0 24840
Edge	864	462	461	0	0	0	3	-1
	Sequence	+edge_433_0_+disjointig_518_0_10587 10587 431 10588 0 10587
Edge	865	643	460	0	0	0	3	-1
	Sequence	-edge_433_0_+disjointig_518_0_10587 10587 -431 10588 0 10587
Edge	868	907	458	0	0	0	5	-1
	Sequence	+edge_435_0_+disjointig_52_0_18948 18948 433 18949 0 18948
Edge	869	534	457	0	0	0	5	-1
	Sequence	-edge_435_0_+disjointig_52_0_18948 18948 -433 18949 0 18948
Edge	870	456	455	0	0	0	5	-1
	Sequence	+edge_436_0_+disjointig_520_0_21017 21017 434 21018 0 21017
Edge	871	1276	246	0	0	0	5	-1
	Sequence	-edge_436_0_+disjointig_520_0_21017 21017 -434 21018 0 21017
Edge	878	1136	454	0	0	0	3	-1
	Sequence	+edge_440_0_+disjointig_526_0_15800 15800 438 15801 0 15800
Edge	879	373	453	0	0	0	3	-1
	Sequence	-edge_440_0_+disjointig_526_0_15800 15800 -438 15801 0 15800
Edge	880	657	451	0	0	0	3	-1
	Sequence	+edge_441_0_+disjointig_527_0_5603 5603 439 5604 0 5603
Edge	881	952	118	0	0	0	3	-1
	Sequence	-edge_441_0_+disjointig_527_0_5603 5603 -439 5604 0 5603
Edge	886	464	914	0	0	0	6	-1
	Sequence	+edge_444_0_+disjointig_53_0_183714 183714 442 183715 0 183714
Edge	887	450	1176	0	0	0	6	-1
	Sequence	-edge_444_0_+disjointig_53_0_183714 183714 -442 183715 0 183714
Edge	890	1294	904	0	0	0	5	-1
	Sequence	+edge_446_0_+disjointig_532_0_13649 13649 444 13650 0 13649
Edge	891	447	446	0	0	0	5	-1
	Sequence	-edge_446_0_+disjointig_532_0_13649 13649 -444 13650 0 13649
Edge	898	443	442	0	0	0	4	-1
	Sequence	+edge_450_0_+disjointig_537_0_34969 34969 448 34970 0 34969
Edge	899	439	610	0	0	0	4	-1
	Sequence	-edge_450_0_+disjointig_537_0_34969 34969 -448 34970 0 34969
Edge	910	65	1278	0	0	0	3	-1
	Sequence	+edge_456_0_+disjointig_542_0_16066 16066 454 16067 0 16066
Edge	911	583	434	0	0	0	3	-1
	Sequence	-edge_456_0_+disjointig_542_0_16066 16066 -454 16067 0 16066
Edge	940	1096	910	0	0	0	3	-1
	Sequence	+edge_471_0_+disjointig_56_0_35572 35572 469 35573 0 35572
Edge	941	418	695	0	0	0	3	-1
	Sequence	-edge_471_0_+disjointig_56_0_35572 35572 -469 35573 0 35572
Edge	944	416	78	0	0	0	4	-1
	Sequence	+edge_473_0_+disjointig_561_0_20977 20977 471 20978 0 20977
Edge	945	414	413	0	0	0	4	-1
	Sequence	-edge_473_0_+disjointig_561_0_20977 20977 -471 20978 0 20977
Edge	950	444	409	0	0	0	4	-1
	Sequence	+edge_476_0_+disjointig_564_0_15791 15791 474 15792 0 15791
Edge	951	408	748	0	0	0	4	-1
	Sequence	-edge_476_0_+disjointig_564_0_15791 15791 -474 15792 0 15791
Edge	952	734	407	0	0	0	5	-1
	Sequence	+edge_477_0_+disjointig_565_0_25574 25574 475 25575 0 25574
Edge	953	406	95	0	0	0	5	-1
	Sequence	-edge_477_0_+disjointig_565_0_25574 25574 -475 25575 0 25574
Edge	958	405	427	0	0	0	3	-1
	Sequence	+edge_480_0_+disjointig_568_0_14179 14179 478 14180 0 14179
Edge	959	404	402	0	0	0	3	-1
	Sequence	-edge_480_0_+disjointig_568_0_14179 14179 -478 14180 0 14179
Edge	962	401	1349	0	0	0	6	-1
	Sequence	+edge_482_0_+disjointig_57_0_147579 147579 480 147580 0 147579
Edge	963	398	1007	0	0	0	6	-1
	Sequence	-edge_482_0_+disjointig_57_0_147579 147579 -480 147580 0 147579
Edge	964	564	298	0	0	0	3	-1
	Sequence	+edge_483_0_+disjointig_570_0_10274 10274 481 10275 0 10274
Edge	965	367	839	0	0	0	3	-1
	Sequence	-edge_483_0_+disjointig_570_0_10274 10274 -481 10275 0 10274
Edge	968	733	754	0	0	0	5	-1
	Sequence	+edge_485_0_+disjointig_572_0_14726 14726 483 14727 0 14726
Edge	969	1166	1145	0	0	0	5	-1
	Sequence	-edge_485_0_+disjointig_572_0_14726 14726 -483 14727 0 14726
Edge	974	390	345	0	0	0	3	-1
	Sequence	+edge_488_0_+disjointig_575_0_20093 20093 486 20094 0 20093
Edge	975	379	202	0	0	0	3	-1
	Sequence	-edge_488_0_+disjointig_575_0_20093 20093 -486 20094 0 20093
Edge	992	382	381	0	0	0	3	-1
	Sequence	+edge_497_0_+disjointig_583_0_8899 8899 495 8900 0 8899
Edge	993	75	378	0	0	0	3	-1
	Sequence	-edge_497_0_+disjointig_583_0_8899 8899 -495 8900 0 8899
Edge	994	377	901	0	0	0	4	-1
	Sequence	+edge_498_0_+disjointig_584_0_13142 13142 496 13143 0 13142
Edge	995	376	375	0	0	0	4	-1
	Sequence	-edge_498_0_+disjointig_584_0_13142 13142 -496 13143 0 13142
Edge	1000	1131	374	0	0	0	3	-1
	Sequence	+edge_501_0_+disjointig_587_0_20542 20542 499 20543 0 20542
Edge	1001	115	507	0	0	0	3	-1
	Sequence	-edge_501_0_+disjointig_587_0_20542 20542 -499 20543 0 20542
Edge	1006	370	369	0	0	0	5	-1
	Sequence	+edge_504_0_+disjointig_59_0_64291 64291 502 64292 0 64291
Edge	1007	594	368	0	0	0	5	-1
	Sequence	-edge_504_0_+disjointig_59_0_64291 64291 -502 64292 0 64291
Edge	1010	366	365	0	0	0	3	-1
	Sequence	+edge_506_0_+disjointig_591_0_31417 31417 504 31418 0 31417
Edge	1011	364	908	0	0	0	3	-1
	Sequence	-edge_506_0_+disjointig_591_0_31417 31417 -504 31418 0 31417
Edge	1018	424	83	0	0	0	6	-1
	Sequence	+edge_510_0_+disjointig_595_0_9461 9461 508 9462 0 9461
Edge	1019	127	362	0	0	0	6	-1
	Sequence	-edge_510_0_+disjointig_595_0_9461 9461 -508 9462 0 9461
Edge	1020	465	1003	0	0	0	4	-1
	Sequence	+edge_511_0_+disjointig_596_0_16089 16089 509 16090 0 16089
Edge	1021	361	823	0	0	0	4	-1
	Sequence	-edge_511_0_+disjointig_596_0_16089 16089 -509 16090 0 16089
Edge	1024	1335	360	0	0	0	3	-1
	Sequence	+edge_513_0_+disjointig_598_0_8138 8138 511 8139 0 8138
Edge	1025	359	358	0	0	0	3	-1
	Sequence	-edge_513_0_+disjointig_598_0_8138 8138 -511 8139 0 8138
Edge	1028	356	355	0	0	0	6	-1
	Sequence	+edge_515_0_+disjointig_6_0_50883 50883 513 50884 0 50883
Edge	1029	133	793	0	0	0	6	-1
	Sequence	-edge_515_0_+disjointig_6_0_50883 50883 -513 50884 0 50883
Edge	1040	350	349	0	0	0	4	-1
	Sequence	+edge_521_0_+disjointig_605_0_12394 12394 519 12395 0 12394
Edge	1041	348	346	0	0	0	4	-1
	Sequence	-edge_521_0_+disjointig_605_0_12394 12394 -519 12395 0 12394
Edge	1044	569	344	0	0	0	4	-1
	Sequence	+edge_523_0_+disjointig_607_0_38975 38975 521 38976 0 38975
Edge	1045	343	257	0	0	0	4	-1
	Sequence	-edge_523_0_+disjointig_607_0_38975 38975 -521 38976 0 38975
Edge	1046	342	341	0	0	0	3	-1
	Sequence	+edge_524_0_+disjointig_608_0_11268 11268 522 11269 0 11268
Edge	1047	665	338	0	0	0	3	-1
	Sequence	-edge_524_0_+disjointig_608_0_11268 11268 -522 11269 0 11268
Edge	1048	1401	207	0	0	0	4	-1
	Sequence	+edge_525_0_+disjointig_609_0_17431 17431 523 17432 0 17431
Edge	1049	794	337	0	0	0	4	-1
	Sequence	-edge_525_0_+disjointig_609_0_17431 17431 -523 17432 0 17431
Edge	1054	566	333	0	0	0	6	-1
	Sequence	+edge_528_0_+disjointig_611_0_9254 9254 526 9255 0 9254
Edge	1055	352	331	0	0	0	6	-1
	Sequence	-edge_528_0_+disjointig_611_0_9254 9254 -526 9255 0 9254
Edge	1072	329	177	0	0	0	4	-1
	Sequence	+edge_537_0_+disjointig_62_0_33037 33037 535 33038 0 33037
Edge	1073	1199	328	0	0	0	4	-1
	Sequence	-edge_537_0_+disjointig_62_0_33037 33037 -535 33038 0 33037
Edge	1074	326	325	0	0	0	3	-1
	Sequence	+edge_538_0_+disjointig_620_0_11521 11521 536 11522 0 11521
Edge	1075	1012	323	0	0	0	3	-1
	Sequence	-edge_538_0_+disjointig_620_0_11521 11521 -536 11522 0 11521
Edge	1082	253	321	0	0	0	4	-1
	Sequence	+edge_542_0_+disjointig_624_0_16396 16396 540 16397 0 16396
Edge	1083	320	1324	0	0	0	4	-1
	Sequence	-edge_542_0_+disjointig_624_0_16396 16396 -540 16397 0 16396
Edge	1086	1369	319	0	0	0	5	-1
	Sequence	+edge_544_0_+disjointig_626_0_17758 17758 542 17759 0 17758
Edge	1087	318	317	0	0	0	5	-1
	Sequence	-edge_544_0_+disjointig_626_0_17758 17758 -542 17759 0 17758
Edge	1092	315	1075	0	0	0	7	-1
	Sequence	+edge_547_0_+disjointig_63_0_72016 72016 545 72017 0 72016
Edge	1093	270	203	0	0	0	7	-1
	Sequence	-edge_547_0_+disjointig_63_0_72016 72016 -545 72017 0 72016
Edge	1100	314	312	0	0	0	3	-1
	Sequence	+edge_551_0_+disjointig_633_0_7115 7115 549 7116 0 7115
Edge	1101	1147	193	0	0	0	3	-1
	Sequence	-edge_551_0_+disjointig_633_0_7115 7115 -549 7116 0 7115
Edge	1102	1021	309	0	0	0	3	-1
	Sequence	+edge_552_0_+disjointig_634_0_16299 16299 550 16300 0 16299
Edge	1103	308	307	0	0	0	3	-1
	Sequence	-edge_552_0_+disjointig_634_0_16299 16299 -550 16300 0 16299
Edge	1106	1110	420	0	0	0	5	-1
	Sequence	+edge_554_0_+disjointig_636_0_11122 11122 552 11123 0 11122
Edge	1107	306	1118	0	0	0	5	-1
	Sequence	-edge_554_0_+disjointig_636_0_11122 11122 -552 11123 0 11122
Edge	1116	1235	1314	0	0	0	4	-1
	Sequence	+edge_559_0_+disjointig_641_0_16250 16250 557 16251 0 16250
Edge	1117	300	299	0	0	0	4	-1
	Sequence	-edge_559_0_+disjointig_641_0_16250 16250 -557 16251 0 16250
Edge	1130	1100	293	0	0	0	3	-1
	Sequence	+edge_566_0_+disjointig_648_0_9363 9363 564 9364 0 9363
Edge	1131	623	122	0	0	0	3	-1
	Sequence	-edge_566_0_+disjointig_648_0_9363 9363 -564 9364 0 9363
Edge	1134	292	354	0	0	0	7	-1
	Sequence	+edge_568_0_+disjointig_65_0_53988 53988 566 53989 0 53988
Edge	1135	290	400	0	0	0	7	-1
	Sequence	-edge_568_0_+disjointig_65_0_53988 53988 -566 53989 0 53988
Edge	1138	288	287	0	0	0	4	-1
	Sequence	+edge_570_0_+disjointig_651_0_17387 17387 568 17388 0 17387
Edge	1139	90	286	0	0	0	4	-1
	Sequence	-edge_570_0_+disjointig_651_0_17387 17387 -568 17388 0 17387
Edge	1142	1025	282	0	0	0	3	-1
	Sequence	+edge_572_0_+disjointig_653_0_10935 10935 570 10936 0 10935
Edge	1143	718	789	0	0	0	3	-1
	Sequence	-edge_572_0_+disjointig_653_0_10935 10935 -570 10936 0 10935
Edge	1152	285	278	0	0	0	5	-1
	Sequence	+edge_577_0_+disjointig_658_0_19444 19444 575 19445 0 19444
Edge	1153	277	276	0	0	0	5	-1
	Sequence	-edge_577_0_+disjointig_658_0_19444 19444 -575 19445 0 19444
Edge	1156	275	274	0	0	0	6	-1
	Sequence	+edge_579_0_+disjointig_66_0_133160 133160 577 133161 0 133160
Edge	1157	1304	570	0	0	0	6	-1
	Sequence	-edge_579_0_+disjointig_66_0_133160 133160 -577 133161 0 133160
Edge	1158	272	271	0	0	0	3	-1
	Sequence	+edge_580_0_+disjointig_660_0_24981 24981 578 24982 0 24981
Edge	1159	1172	1348	0	0	0	3	-1
	Sequence	-edge_580_0_+disjointig_660_0_24981 24981 -578 24982 0 24981
Edge	1166	995	363	0	0	0	4	-1
	Sequence	+edge_584_0_+disjointig_664_0_9339 9339 582 9340 0 9339
Edge	1167	269	267	0	0	0	4	-1
	Sequence	-edge_584_0_+disjointig_664_0_9339 9339 -582 9340 0 9339
Edge	1168	1279	266	0	0	0	6	-1
	Sequence	+edge_585_0_+disjointig_665_0_9295 9295 583 9296 0 9295
Edge	1169	351	1170	0	0	0	6	-1
	Sequence	-edge_585_0_+disjointig_665_0_9295 9295 -583 9296 0 9295
Edge	1178	781	262	0	0	0	6	-1
	Sequence	+edge_590_0_+disjointig_67_0_44171 44171 588 44172 0 44171
Edge	1179	830	258	0	0	0	6	-1
	Sequence	-edge_590_0_+disjointig_67_0_44171 44171 -588 44172 0 44171
Edge	1182	255	254	0	0	0	7	-1
	Sequence	+edge_592_0_+disjointig_671_0_16861 16861 590 16862 0 16861
Edge	1183	252	941	0	0	0	7	-1
	Sequence	-edge_592_0_+disjointig_671_0_16861 16861 -590 16862 0 16861
Edge	1184	357	251	0	0	0	4	-1
	Sequence	+edge_593_0_+disjointig_672_0_14185 14185 591 14186 0 14185
Edge	1185	86	250	0	0	0	4	-1
	Sequence	-edge_593_0_+disjointig_672_0_14185 14185 -591 14186 0 14185
Edge	1214	237	607	0	0	0	6	-1
	Sequence	+edge_608_0_+disjointig_69_0_40484 40484 606 40485 0 40484
Edge	1215	236	1368	0	0	0	6	-1
	Sequence	-edge_608_0_+disjointig_69_0_40484 40484 -606 40485 0 40484
Edge	1222	630	235	0	0	0	3	-1
	Sequence	+edge_612_0_+disjointig_693_0_7137 7137 610 7138 0 7137
Edge	1223	426	233	0	0	0	3	-1
	Sequence	-edge_612_0_+disjointig_693_0_7137 7137 -610 7138 0 7137
Edge	1228	520	231	0	0	0	3	-1
	Sequence	+edge_615_0_+disjointig_696_0_8090 8090 613 8091 0 8090
Edge	1229	1156	591	0	0	0	3	-1
	Sequence	-edge_615_0_+disjointig_696_0_8090 8090 -613 8091 0 8090
Edge	1238	226	437	0	0	0	6	-1
	Sequence	+edge_620_0_+disjointig_70_0_66022 66022 618 66023 0 66022
Edge	1239	225	1159	0	0	0	6	-1
	Sequence	-edge_620_0_+disjointig_70_0_66022 66022 -618 66023 0 66022
Edge	1240	223	222	0	0	0	3	-1
	Sequence	+edge_621_0_+disjointig_700_0_12327 12327 619 12328 0 12327
Edge	1241	239	340	0	0	0	3	-1
	Sequence	-edge_621_0_+disjointig_700_0_12327 12327 -619 12328 0 12327
Edge	1242	1237	219	0	0	0	3	-1
	Sequence	+edge_622_0_+disjointig_701_0_9019 9019 620 9020 0 9019
Edge	1243	397	128	0	0	0	3	-1
	Sequence	-edge_622_0_+disjointig_701_0_9019 9019 -620 9020 0 9019
Edge	1254	1223	1258	0	0	0	7	-1
	Sequence	+edge_628_0_+disjointig_71_0_129170 129170 626 129171 0 129170
Edge	1255	213	1089	0	0	0	7	-1
	Sequence	-edge_628_0_+disjointig_71_0_129170 129170 -626 129171 0 129170
Edge	1262	209	249	1	0	0	9	-1
	Sequence	+edge_632_0_+disjointig_714_0_12104 12104 630 12105 0 12104
Edge	1263	1046	208	1	0	0	9	-1
	Sequence	-edge_632_0_+disjointig_714_0_12104 12104 -630 12105 0 12104
Edge	1278	1129	198	0	0	0	3	-1
	Sequence	+edge_640_0_+disjointig_721_0_9378 9378 638 9379 0 9378
Edge	1279	441	1165	0	0	0	3	-1
	Sequence	-edge_640_0_+disjointig_721_0_9378 9378 -638 9379 0 9378
Edge	1280	197	205	0	0	0	6	-1
	Sequence	+edge_641_0_+disjointig_722_0_15001 15001 639 15002 0 15001
Edge	1281	432	196	0	0	0	6	-1
	Sequence	-edge_641_0_+disjointig_722_0_15001 15001 -639 15002 0 15001
Edge	1296	1305	192	0	0	0	5	-1
	Sequence	+edge_649_0_+disjointig_73_0_34123 34123 647 34124 0 34123
Edge	1297	1355	419	0	0	0	5	-1
	Sequence	-edge_649_0_+disjointig_73_0_34123 34123 -647 34124 0 34123
Edge	1302	190	245	0	0	0	4	-1
	Sequence	+edge_652_0_+disjointig_732_0_16681 16681 650 16682 0 16681
Edge	1303	589	187	0	0	0	4	-1
	Sequence	-edge_652_0_+disjointig_732_0_16681 16681 -650 16682 0 16681
Edge	1304	1069	186	0	0	0	3	-1
	Sequence	+edge_653_0_+disjointig_733_0_17508 17508 651 17509 0 17508
Edge	1305	77	212	0	0	0	3	-1
	Sequence	-edge_653_0_+disjointig_733_0_17508 17508 -651 17509 0 17508
Edge	1308	421	772	0	0	0	3	-1
	Sequence	+edge_655_0_+disjointig_735_0_30794 30794 653 30795 0 30794
Edge	1309	415	423	0	0	0	3	-1
	Sequence	-edge_655_0_+disjointig_735_0_30794 30794 -653 30795 0 30794
Edge	1316	218	183	0	0	0	5	-1
	Sequence	+edge_659_0_+disjointig_739_0_9301 9301 657 9302 0 9301
Edge	1317	243	182	0	0	0	5	-1
	Sequence	-edge_659_0_+disjointig_739_0_9301 9301 -657 9302 0 9301
Edge	1324	179	1372	0	0	0	3	-1
	Sequence	+edge_663_0_+disjointig_742_0_11574 11574 661 11575 0 11574
Edge	1325	189	335	0	0	0	3	-1
	Sequence	-edge_663_0_+disjointig_742_0_11574 11574 -661 11575 0 11574
Edge	1338	1418	126	0	0	0	5	-1
	Sequence	+edge_670_0_+disjointig_75_0_38060 38060 668 38061 0 38060
Edge	1339	809	175	0	0	0	5	-1
	Sequence	-edge_670_0_+disjointig_75_0_38060 38060 -668 38061 0 38060
Edge	1348	180	1009	0	0	0	7	-1
	Sequence	+edge_675_0_+disjointig_754_0_10232 10232 673 10233 0 10232
Edge	1349	172	152	0	0	0	7	-1
	Sequence	-edge_675_0_+disjointig_754_0_10232 10232 -673 10233 0 10232
Edge	1354	1179	171	0	0	0	4	-1
	Sequence	+edge_678_0_+disjointig_757_0_8712 8712 676 8713 0 8712
Edge	1355	1389	170	0	0	0	4	-1
	Sequence	-edge_678_0_+disjointig_757_0_8712 8712 -676 8713 0 8712
Edge	1356	168	289	0	0	0	3	-1
	Sequence	+edge_679_0_+disjointig_758_0_8389 8389 677 8390 0 8389
Edge	1357	167	166	0	0	0	3	-1
	Sequence	-edge_679_0_+disjointig_758_0_8389 8389 -677 8390 0 8389
Edge	1360	163	261	0	0	0	4	-1
	Sequence	+edge_681_0_+disjointig_76_0_16639 16639 679 16640 0 16639
Edge	1361	459	162	0	0	0	4	-1
	Sequence	-edge_681_0_+disjointig_76_0_16639 16639 -679 16640 0 16639
Edge	1362	1023	161	0	0	0	7	-1
	Sequence	+edge_682_0_+disjointig_760_0_19184 19184 680 19185 0 19184
Edge	1363	160	483	0	0	0	7	-1
	Sequence	-edge_682_0_+disjointig_760_0_19184 19184 -680 19185 0 19184
Edge	1370	156	438	0	0	0	3	-1
	Sequence	+edge_686_0_+disjointig_764_0_10578 10578 684 10579 0 10578
Edge	1371	301	153	0	0	0	3	-1
	Sequence	-edge_686_0_+disjointig_764_0_10578 10578 -684 10579 0 10578
Edge	1374	151	1207	0	0	0	4	-1
	Sequence	+edge_688_0_+disjointig_766_0_17645 17645 686 17646 0 17645
Edge	1375	150	1098	0	0	0	4	-1
	Sequence	-edge_688_0_+disjointig_766_0_17645 17645 -686 17646 0 17645
Edge	1378	149	1392	0	0	0	5	-1
	Sequence	+edge_690_0_+disjointig_768_0_13019 13019 688 13020 0 13019
Edge	1379	148	147	0	0	0	5	-1
	Sequence	-edge_690_0_+disjointig_768_0_13019 13019 -688 13020 0 13019
Edge	1382	145	388	0	0	0	4	-1
	Sequence	+edge_692_0_+disjointig_77_0_10202 10202 690 10203 0 10202
Edge	1383	144	96	0	0	0	4	-1
	Sequence	-edge_692_0_+disjointig_77_0_10202 10202 -690 10203 0 10202
Edge	1404	135	853	0	0	0	7	-1
	Sequence	+edge_703_0_+disjointig_78_0_17663 17663 701 17664 0 17663
Edge	1405	749	882	0	0	0	7	-1
	Sequence	-edge_703_0_+disjointig_78_0_17663 17663 -701 17664 0 17663
Edge	1408	132	130	0	0	0	3	-1
	Sequence	+edge_705_0_+disjointig_781_0_6558 6558 703 6559 0 6558
Edge	1409	291	129	0	0	0	3	-1
	Sequence	-edge_705_0_+disjointig_781_0_6558 6558 -703 6559 0 6558
Edge	1424	510	537	0	0	0	3	-1
	Sequence	+edge_713_0_+disjointig_789_0_9547 9547 711 9548 0 9547
Edge	1425	123	1128	0	0	0	3	-1
	Sequence	-edge_713_0_+disjointig_789_0_9547 9547 -711 9548 0 9547
Edge	1444	1255	449	0	0	0	3	-1
	Sequence	+edge_723_0_+disjointig_798_0_15442 15442 721 15443 0 15442
Edge	1445	117	652	0	0	0	3	-1
	Sequence	-edge_723_0_+disjointig_798_0_15442 15442 -721 15443 0 15442
Edge	1450	113	204	0	0	0	4	-1
	Sequence	+edge_726_0_+disjointig_80_0_155647 155647 724 155648 0 155647
Edge	1451	1382	112	0	0	0	4	-1
	Sequence	-edge_726_0_+disjointig_80_0_155647 155647 -724 155648 0 155647
Edge	1456	280	111	0	0	0	3	-1
	Sequence	+edge_729_0_+disjointig_802_0_10311 10311 727 10312 0 10311
Edge	1457	110	109	0	0	0	3	-1
	Sequence	-edge_729_0_+disjointig_802_0_10311 10311 -727 10312 0 10311
Edge	1468	106	105	0	0	0	4	-1
	Sequence	+edge_735_0_+disjointig_808_0_11840 11840 733 11841 0 11840
Edge	1469	1020	221	0	0	0	4	-1
	Sequence	-edge_735_0_+disjointig_808_0_11840 11840 -733 11841 0 11840
Edge	1470	103	101	0	0	0	3	-1
	Sequence	+edge_736_0_+disjointig_809_0_11930 11930 734 11931 0 11930
Edge	1471	1038	100	0	0	0	3	-1
	Sequence	-edge_736_0_+disjointig_809_0_11930 11930 -734 11931 0 11930
Edge	1472	827	99	0	0	0	6	-1
	Sequence	+edge_737_0_+disjointig_81_0_59689 59689 735 59690 0 59689
Edge	1473	826	1309	0	0	0	6	-1
	Sequence	-edge_737_0_+disjointig_81_0_59689 59689 -735 59690 0 59689
Edge	1480	138	757	0	0	0	6	-1
	Sequence	+edge_741_0_+disjointig_814_0_17774 17774 739 17775 0 17774
Edge	1481	98	97	0	0	0	6	-1
	Sequence	-edge_741_0_+disjointig_814_0_17774 17774 -739 17775 0 17774
Edge	1492	395	92	0	0	0	6	-1
	Sequence	+edge_747_0_+disjointig_82_0_31032 31032 745 31033 0 31032
Edge	1493	334	279	0	0	0	6	-1
	Sequence	-edge_747_0_+disjointig_82_0_31032 31032 -745 31033 0 31032
Edge	1502	232	372	0	0	0	3	-1
	Sequence	+edge_752_0_+disjointig_824_0_6633 6633 750 6634 0 6633
Edge	1503	89	88	0	0	0	3	-1
	Sequence	-edge_752_0_+disjointig_824_0_6633 6633 -750 6634 0 6633
Edge	1522	206	82	0	0	0	3	-1
	Sequence	+edge_762_0_+disjointig_833_0_8870 8870 760 8871 0 8870
Edge	1523	81	1071	0	0	0	3	-1
	Sequence	-edge_762_0_+disjointig_833_0_8870 8870 -760 8871 0 8870
Edge	1530	94	85	0	0	0	5	-1
	Sequence	+edge_766_0_+disjointig_838_0_14984 14984 764 14985 0 14984
Edge	1531	393	80	0	0	0	5	-1
	Sequence	-edge_766_0_+disjointig_838_0_14984 14984 -764 14985 0 14984
Edge	1554	869	74	0	0	0	6	-1
	Sequence	+edge_778_0_+disjointig_85_0_68998 68998 776 68999 0 68998
Edge	1555	73	380	0	0	0	6	-1
	Sequence	-edge_778_0_+disjointig_85_0_68998 68998 -776 68999 0 68998
Edge	1576	1343	176	0	0	0	5	-1
	Sequence	+edge_789_0_+disjointig_86_0_50188 50188 787 50189 0 50188
Edge	1577	494	71	0	0	0	5	-1
	Sequence	-edge_789_0_+disjointig_86_0_50188 50188 -787 50189 0 50188
Edge	1592	68	264	0	0	0	4	-1
	Sequence	+edge_797_0_+disjointig_868_0_14172 14172 795 14173 0 14172
Edge	1593	91	107	0	0	0	4	-1
	Sequence	-edge_797_0_+disjointig_868_0_14172 14172 -795 14173 0 14172
Edge	1596	435	67	0	0	0	6	-1
	Sequence	+edge_799_0_+disjointig_87_0_45408 45408 797 45409 0 45408
Edge	1597	66	852	0	0	0	6	-1
	Sequence	-edge_799_0_+disjointig_87_0_45408 45408 -797 45409 0 45408
Edge	1602	430	64	0	0	0	6	-1
	Sequence	+edge_802_0_+disjointig_872_0_19801 19801 800 19802 0 19801
Edge	1603	480	387	0	0	0	6	-1
	Sequence	-edge_802_0_+disjointig_872_0_19801 19801 -800 19802 0 19801
Edge	1612	136	63	0	0	0	3	-1
	Sequence	+edge_807_0_+disjointig_877_0_17602 17602 805 17603 0 17602
Edge	1613	62	61	0	0	0	3	-1
	Sequence	-edge_807_0_+disjointig_877_0_17602 17602 -805 17603 0 17602
Edge	1618	60	59	0	0	0	7	-1
	Sequence	+edge_810_0_+disjointig_88_0_189052 189052 808 189053 0 189052
Edge	1619	141	996	0	0	0	7	-1
	Sequence	-edge_810_0_+disjointig_88_0_189052 189052 -808 189053 0 189052
Edge	1638	58	57	0	0	0	3	-1
	Sequence	+edge_820_0_+disjointig_889_0_10266 10266 818 10267 0 10266
Edge	1639	56	599	0	0	0	3	-1
	Sequence	-edge_820_0_+disjointig_889_0_10266 10266 -818 10267 0 10266
Edge	1640	837	448	0	0	0	7	-1
	Sequence	+edge_821_0_+disjointig_89_0_89668 89668 819 89669 0 89668
Edge	1641	1264	1068	0	0	0	7	-1
	Sequence	-edge_821_0_+disjointig_89_0_89668 89668 -819 89669 0 89668
Edge	1644	709	751	0	0	0	4	-1
	Sequence	+edge_823_0_+disjointig_891_0_20621 20621 821 20622 0 20621
Edge	1645	55	54	0	0	0	4	-1
	Sequence	-edge_823_0_+disjointig_891_0_20621 20621 -821 20622 0 20621
Edge	1658	1393	53	0	0	0	5	-1
	Sequence	+edge_830_0_+disjointig_899_0_19232 19232 828 19233 0 19232
Edge	1659	52	760	0	0	0	5	-1
	Sequence	-edge_830_0_+disjointig_899_0_19232 19232 -828 19233 0 19232
Edge	1660	836	51	0	0	0	6	-1
	Sequence	+edge_831_0_+disjointig_9_0_86167 86167 829 86168 0 86167
Edge	1661	50	49	0	0	0	6	-1
	Sequence	-edge_831_0_+disjointig_9_0_86167 86167 -829 86168 0 86167
Edge	1662	295	956	0	0	0	6	-1
	Sequence	+edge_832_0_+disjointig_90_0_61082 61082 830 61083 0 61082
Edge	1663	227	48	0	0	0	6	-1
	Sequence	-edge_832_0_+disjointig_90_0_61082 61082 -830 61083 0 61082
Edge	1672	47	46	0	0	0	5	-1
	Sequence	+edge_837_0_+disjointig_904_0_11553 11553 835 11554 0 11553
Edge	1673	45	44	0	0	0	5	-1
	Sequence	-edge_837_0_+disjointig_904_0_11553 11553 -835 11554 0 11553
Edge	1674	792	544	0	0	0	3	-1
	Sequence	+edge_838_0_+disjointig_905_0_13083 13083 836 13084 0 13083
Edge	1675	353	43	0	0	0	3	-1
	Sequence	-edge_838_0_+disjointig_905_0_13083 13083 -836 13084 0 13083
Edge	1682	1181	42	0	0	0	6	-1
	Sequence	+edge_842_0_+disjointig_91_0_24593 24593 840 24594 0 24593
Edge	1683	41	40	0	0	0	6	-1
	Sequence	-edge_842_0_+disjointig_91_0_24593 24593 -840 24594 0 24593
Edge	1696	39	38	0	0	0	3	-1
	Sequence	+edge_849_0_+disjointig_916_0_17368 17368 847 17369 0 17368
Edge	1697	1149	37	0	0	0	3	-1
	Sequence	-edge_849_0_+disjointig_916_0_17368 17368 -847 17369 0 17368
Edge	1704	530	1247	0	0	0	4	-1
	Sequence	+edge_853_0_+disjointig_92_0_60038 60038 851 60039 0 60038
Edge	1705	35	34	0	0	0	4	-1
	Sequence	-edge_853_0_+disjointig_92_0_60038 60038 -851 60039 0 60038
Edge	1712	33	1070	0	0	0	3	-1
	Sequence	+edge_857_0_+disjointig_923_0_12173 12173 855 12174 0 12173
Edge	1713	475	32	0	0	0	3	-1
	Sequence	-edge_857_0_+disjointig_923_0_12173 12173 -855 12174 0 12173
Edge	1724	31	30	0	0	0	6	-1
	Sequence	+edge_863_0_+disjointig_93_0_57085 57085 861 57086 0 57085
Edge	1725	29	28	0	0	0	6	-1
	Sequence	-edge_863_0_+disjointig_93_0_57085 57085 -861 57086 0 57085
Edge	1746	336	1125	0	0	0	4	-1
	Sequence	+edge_874_0_+disjointig_94_0_62219 62219 872 62220 0 62219
Edge	1747	27	1111	0	0	0	4	-1
	Sequence	-edge_874_0_+disjointig_94_0_62219 62219 -872 62220 0 62219
Edge	1758	399	217	0	0	0	5	-1
	Sequence	+edge_880_0_+disjointig_945_0_15120 15120 878 15121 0 15120
Edge	1759	1061	785	0	0	0	5	-1
	Sequence	-edge_880_0_+disjointig_945_0_15120 15120 -878 15121 0 15120
Edge	1760	26	428	0	0	0	3	-1
	Sequence	+edge_881_0_+disjointig_946_0_7296 7296 879 7297 0 7296
Edge	1761	25	1203	0	0	0	3	-1
	Sequence	-edge_881_0_+disjointig_946_0_7296 7296 -879 7297 0 7296
Edge	1768	24	23	0	0	0	7	-1
	Sequence	+edge_885_0_+disjointig_95_0_100264 100264 883 100265 0 100264
Edge	1769	22	259	0	0	0	7	-1
	Sequence	-edge_885_0_+disjointig_95_0_100264 100264 -883 100265 0 100264
Edge	1790	21	20	0	0	0	3	-1
	Sequence	+edge_896_0_+disjointig_960_0_16515 16515 894 16516 0 16515
Edge	1791	383	19	0	0	0	3	-1
	Sequence	-edge_896_0_+disjointig_960_0_16515 16515 -894 16516 0 16515
Edge	1810	701	681	0	0	0	7	-1
	Sequence	+edge_906_0_+disjointig_97_0_51878 51878 904 51879 0 51878
Edge	1811	18	17	0	0	0	7	-1
	Sequence	-edge_906_0_+disjointig_97_0_51878 51878 -904 51879 0 51878
Edge	1822	174	1161	0	0	0	4	-1
	Sequence	+edge_912_0_+disjointig_975_0_11485 11485 910 11486 0 11485
Edge	1823	16	15	0	0	0	4	-1
	Sequence	-edge_912_0_+disjointig_975_0_11485 11485 -910 11486 0 11485
Edge	1824	1300	14	0	0	0	3	-1
	Sequence	+edge_913_0_+disjointig_976_0_22391 22391 911 22392 0 22391
Edge	1825	13	835	0	0	0	3	-1
	Sequence	-edge_913_0_+disjointig_976_0_22391 22391 -911 22392 0 22391
Edge	1826	12	36	0	0	0	7	-1
	Sequence	+edge_914_0_+disjointig_977_0_12090 12090 912 12091 0 12090
Edge	1827	11	10	0	0	0	7	-1
	Sequence	-edge_914_0_+disjointig_977_0_12090 12090 -912 12091 0 12090
Edge	1832	9	8	0	0	0	4	-1
	Sequence	+edge_917_0_+disjointig_98_0_36569 36569 915 36570 0 36569
Edge	1833	1270	7	0	0	0	4	-1
	Sequence	-edge_917_0_+disjointig_98_0_36569 36569 -915 36570 0 36569
Edge	1850	478	487	0	0	0	3	-1
	Sequence	+edge_926_0_+disjointig_988_0_16379 16379 924 16380 0 16379
Edge	1851	6	5	0	0	0	3	-1
	Sequence	-edge_926_0_+disjointig_988_0_16379 16379 -924 16380 0 16379
Edge	1854	4	1366	0	0	0	4	-1
	Sequence	+edge_928_0_+disjointig_99_0_48593 48593 926 48594 0 48593
Edge	1855	3	2	0	0	0	4	-1
	Sequence	-edge_928_0_+disjointig_99_0_48593 48593 -926 48594 0 48593
Edge	1876	921	1074	0	0	0	4	-1
	Sequence	+edge_939_0_+disjointig_45_0_57259 57259 363 64463 0 57259
Edge	1877	1084	902	0	0	0	4	-1
	Sequence	-edge_939_0_+disjointig_45_0_57259 57259 -363 64463 7203 64462
